
----------------------input_conv.weight----------------------
tensor([[[[ 0.0973,  0.1100,  0.0027],
          [ 0.1151,  0.0071,  0.0465],
          [-0.0378,  0.0823,  0.1089]],

         [[-0.0645,  0.1096,  0.0421],
          [ 0.0915,  0.0391,  0.0705],
          [-0.0053,  0.0973,  0.0277]],

         [[-0.0485,  0.0323, -0.0385],
          [-0.0111, -0.0305,  0.0775],
          [-0.0847, -0.0441, -0.0280]],

         ...,

         [[-0.0340,  0.0366, -0.0177],
          [ 0.0898, -0.0594, -0.0621],
          [-0.0606,  0.0958,  0.0339]],

         [[ 0.1052, -0.0813, -0.0989],
          [-0.0786, -0.0662,  0.0452],
          [ 0.0417,  0.0904, -0.0536]],

         [[-0.0750,  0.0533, -0.0448],
          [ 0.0611, -0.0278,  0.0575],
          [-0.0870, -0.0586,  0.0267]]],


        [[[-0.0167, -0.0914,  0.0444],
          [ 0.0725, -0.1370, -0.0834],
          [ 0.0976, -0.0574, -0.0227]],

         [[-0.1271, -0.1080,  0.0245],
          [ 0.0028, -0.1191, -0.0075],
          [-0.0570, -0.0980, -0.0322]],

         [[-0.1641, -0.1670,  0.0601],
          [ 0.0068, -0.0622, -0.1599],
          [-0.0823, -0.0867, -0.0007]],

         ...,

         [[-0.0854,  0.0904, -0.0765],
          [ 0.0756,  0.0564,  0.0595],
          [-0.0352,  0.1224,  0.0558]],

         [[ 0.0070, -0.0989,  0.0449],
          [ 0.0091, -0.0252,  0.1194],
          [ 0.0523, -0.0261, -0.0157]],

         [[-0.0080,  0.0566, -0.0293],
          [-0.0615, -0.0361, -0.0782],
          [ 0.0348,  0.0799, -0.1001]]],


        [[[ 0.0454,  0.0787,  0.0383],
          [-0.0112,  0.0863,  0.0821],
          [ 0.0612,  0.0103, -0.0036]],

         [[ 0.0292,  0.0018, -0.0157],
          [ 0.0901,  0.1177,  0.0127],
          [-0.0042,  0.0272,  0.0146]],

         [[ 0.0363,  0.0434, -0.0856],
          [-0.0229,  0.1096,  0.0592],
          [ 0.0081, -0.0437, -0.0489]],

         ...,

         [[-0.0502, -0.0046, -0.0576],
          [-0.0576,  0.0494, -0.0136],
          [ 0.0734, -0.0209, -0.0619]],

         [[-0.0101, -0.0386, -0.0177],
          [-0.0909,  0.0711, -0.0576],
          [ 0.0595,  0.0587,  0.0885]],

         [[-0.0789,  0.0789, -0.0474],
          [ 0.0352,  0.0964, -0.0181],
          [-0.0118, -0.0335, -0.0969]]],


        ...,


        [[[ 0.1078,  0.0266,  0.0816],
          [-0.0863, -0.0418,  0.0342],
          [ 0.0993,  0.0672,  0.0313]],

         [[-0.0957,  0.0229, -0.0541],
          [-0.0872,  0.0270, -0.0444],
          [ 0.1105, -0.0394,  0.0472]],

         [[ 0.0714, -0.0595,  0.0727],
          [-0.0097,  0.0696,  0.1291],
          [-0.0263, -0.0226,  0.1054]],

         ...,

         [[-0.0495, -0.0668,  0.0047],
          [-0.0018, -0.0791,  0.0783],
          [-0.0841,  0.0952, -0.0720]],

         [[-0.0100,  0.0271, -0.0367],
          [ 0.0962, -0.0720, -0.0029],
          [-0.0821,  0.0246,  0.0890]],

         [[ 0.0922,  0.0116, -0.0515],
          [ 0.0934,  0.0040,  0.0709],
          [-0.0677, -0.0579, -0.0930]]],


        [[[ 0.1164,  0.0300, -0.0666],
          [ 0.0336, -0.0228,  0.0182],
          [ 0.0523, -0.0343,  0.0332]],

         [[-0.0480,  0.0311, -0.0942],
          [ 0.0396,  0.1248,  0.1084],
          [ 0.0547,  0.0942,  0.1162]],

         [[ 0.0456,  0.0432,  0.0191],
          [ 0.1130,  0.1079, -0.0399],
          [ 0.0092, -0.0386,  0.0499]],

         ...,

         [[ 0.0897, -0.0667, -0.0691],
          [-0.0851,  0.0330, -0.0752],
          [-0.0371, -0.0493,  0.0332]],

         [[-0.1009, -0.0462,  0.0035],
          [ 0.0117, -0.0458,  0.0411],
          [-0.0678, -0.0864, -0.0108]],

         [[-0.0492,  0.0752, -0.0624],
          [-0.0023,  0.0521, -0.0827],
          [ 0.0845, -0.0427, -0.0214]]],


        [[[-0.0469, -0.0127, -0.0149],
          [-0.0870,  0.0550,  0.0233],
          [ 0.1146,  0.0879,  0.1140]],

         [[ 0.0478,  0.0806,  0.1227],
          [ 0.0931, -0.0630, -0.0015],
          [-0.0903,  0.0204, -0.0160]],

         [[ 0.1068,  0.0404,  0.0232],
          [-0.0716, -0.0666,  0.0358],
          [-0.0428, -0.0343,  0.0921]],

         ...,

         [[-0.0082,  0.0385,  0.0507],
          [ 0.0279, -0.0762, -0.0606],
          [ 0.0071, -0.0122, -0.0828]],

         [[ 0.1048,  0.0158, -0.0722],
          [ 0.0480,  0.0493, -0.0480],
          [ 0.0561, -0.0612,  0.0402]],

         [[ 0.0936,  0.0649,  0.0490],
          [-0.0299,  0.0134,  0.0324],
          [ 0.0165, -0.0299,  0.0078]]]], device='cuda:0')

----------------------input_conv.bias----------------------
tensor([-0.0225, -0.0364, -0.0756, -0.0640, -0.0544,  0.0937,  0.0256, -0.0704,
        -0.0449,  0.0304, -0.0223, -0.0178, -0.0191, -0.0239,  0.0218,  0.0122,
         0.0581,  0.0686,  0.0854, -0.0040, -0.0306,  0.0162, -0.0084,  0.0477,
         0.0171, -0.0223, -0.0899,  0.0497,  0.0628,  0.1028, -0.0316,  0.0347],
       device='cuda:0')

----------------------body.0.weight----------------------
tensor([[[[ 0.0044, -0.0307, -0.0359],
          [ 0.0290, -0.0403,  0.0425],
          [ 0.0084,  0.0108,  0.0277]],

         [[ 0.0314,  0.0460,  0.0484],
          [ 0.0186,  0.0252,  0.0421],
          [ 0.0985,  0.1118,  0.0702]],

         [[-0.0134, -0.0087, -0.0313],
          [ 0.0339, -0.0309, -0.0030],
          [ 0.0525,  0.0251,  0.0008]],

         ...,

         [[-0.0568,  0.0048, -0.0132],
          [ 0.0162, -0.0355,  0.0259],
          [-0.0012, -0.0218, -0.0518]],

         [[ 0.0395, -0.0162,  0.0476],
          [ 0.0178,  0.0245,  0.0012],
          [-0.0019, -0.0093, -0.0393]],

         [[ 0.0317, -0.0351,  0.0303],
          [-0.0229,  0.0397,  0.0498],
          [-0.0349,  0.0539,  0.0015]]],


        [[[-0.0436,  0.0251,  0.0255],
          [ 0.0506, -0.0596,  0.0523],
          [ 0.0395,  0.0589,  0.0327]],

         [[-0.0324,  0.0453,  0.0558],
          [-0.0133,  0.0064,  0.0529],
          [ 0.0518,  0.0636,  0.0606]],

         [[-0.0033,  0.0061,  0.0066],
          [ 0.0758,  0.0496,  0.0040],
          [ 0.0433, -0.0489, -0.0236]],

         ...,

         [[-0.0031,  0.0261,  0.0413],
          [ 0.0457, -0.0461, -0.0510],
          [-0.0117, -0.0034,  0.0368]],

         [[ 0.0626,  0.0290, -0.0232],
          [-0.0021,  0.0533,  0.0475],
          [-0.0372,  0.0047, -0.0465]],

         [[-0.0322,  0.0392, -0.0320],
          [ 0.0216, -0.0483,  0.0476],
          [ 0.0205,  0.0482,  0.0305]]],


        [[[ 0.0061, -0.0269, -0.0308],
          [-0.0384,  0.0504, -0.0199],
          [-0.0014, -0.0564,  0.0142]],

         [[-0.0287, -0.0770, -0.0166],
          [-0.0611, -0.0426, -0.0667],
          [ 0.0335, -0.0838, -0.0162]],

         [[ 0.0346, -0.0368,  0.0418],
          [ 0.0543, -0.0236,  0.0103],
          [ 0.0248,  0.0627,  0.0511]],

         ...,

         [[ 0.0430,  0.0367, -0.0468],
          [-0.0399, -0.0214, -0.0410],
          [ 0.0220, -0.0388, -0.0444]],

         [[ 0.0291,  0.0482, -0.0098],
          [-0.0454,  0.0229,  0.0371],
          [ 0.0580,  0.0204,  0.0494]],

         [[-0.0473,  0.0594, -0.0308],
          [-0.0323,  0.0454, -0.0055],
          [ 0.0431, -0.0378,  0.0511]]],


        ...,


        [[[ 0.0205,  0.0082, -0.0423],
          [-0.0068, -0.0474,  0.0208],
          [ 0.0068,  0.0097,  0.0006]],

         [[ 0.0189, -0.0235,  0.0635],
          [ 0.0039,  0.0228,  0.0149],
          [-0.0639,  0.0205,  0.0484]],

         [[ 0.0253, -0.0105,  0.0052],
          [-0.0036, -0.0290,  0.0111],
          [ 0.0139,  0.0023, -0.0439]],

         ...,

         [[ 0.0318,  0.0353,  0.0549],
          [ 0.0521, -0.0201,  0.0401],
          [ 0.0333,  0.0299, -0.0128]],

         [[-0.0350, -0.0415,  0.0210],
          [ 0.0001, -0.0043,  0.0581],
          [-0.0367,  0.0147,  0.0149]],

         [[-0.0053,  0.0466,  0.0416],
          [-0.0429,  0.0181, -0.0304],
          [-0.0356, -0.0469,  0.0261]]],


        [[[-0.0228, -0.0655, -0.0449],
          [-0.0079,  0.0052,  0.0214],
          [-0.0360, -0.0085,  0.0399]],

         [[-0.0560, -0.0326, -0.0264],
          [-0.0450, -0.0246,  0.0222],
          [ 0.0085, -0.0898, -0.0662]],

         [[-0.0120, -0.0452, -0.1144],
          [-0.0421,  0.0146,  0.0037],
          [ 0.0482,  0.0052, -0.0131]],

         ...,

         [[-0.0332, -0.0876, -0.0580],
          [-0.0070, -0.0861, -0.0723],
          [ 0.0503, -0.0682, -0.0419]],

         [[-0.0251,  0.0641,  0.0418],
          [ 0.0450, -0.0148, -0.0454],
          [ 0.0060,  0.0554,  0.0226]],

         [[-0.0299, -0.0522,  0.0496],
          [ 0.0151,  0.0355, -0.0566],
          [ 0.0131,  0.0500, -0.0640]]],


        [[[-0.0484, -0.0474, -0.0245],
          [ 0.0016,  0.0361, -0.0177],
          [ 0.0516,  0.0525,  0.0424]],

         [[-0.0531,  0.0134,  0.0233],
          [ 0.0342, -0.0683, -0.0269],
          [-0.0351, -0.0340,  0.0037]],

         [[-0.0059,  0.0243, -0.0446],
          [-0.0203,  0.0283, -0.0154],
          [ 0.0077, -0.0304,  0.0621]],

         ...,

         [[ 0.0087, -0.0232,  0.0416],
          [-0.0386,  0.0020,  0.0495],
          [ 0.0159, -0.0403,  0.0581]],

         [[-0.0316, -0.0217,  0.0370],
          [-0.0292,  0.0109,  0.0276],
          [ 0.0375, -0.0275,  0.0654]],

         [[ 0.0509, -0.0163,  0.0050],
          [-0.0150, -0.0268,  0.0515],
          [ 0.0501,  0.0197,  0.0540]]]], device='cuda:0')

----------------------body.0.bias----------------------
tensor([-0.0630,  0.0102, -0.0238,  0.0283,  0.0076, -0.0487,  0.0078,  0.0249,
        -0.0125, -0.0035, -0.0431,  0.0522, -0.0531, -0.0297, -0.0387, -0.0207,
        -0.0241,  0.0190,  0.0439,  0.0129,  0.0163,  0.0465, -0.0549,  0.0068,
         0.0280,  0.0112, -0.0161, -0.0131, -0.0204,  0.0630, -0.0270, -0.0114],
       device='cuda:0')

----------------------body.2.weight----------------------
tensor([[[[ 1.3799e-02,  1.4295e-02, -5.2105e-02],
          [ 2.2761e-02,  3.1252e-02, -2.2960e-02],
          [-2.6936e-02,  8.2463e-03,  1.7210e-02]],

         [[ 3.8454e-03, -9.2362e-03,  5.2860e-02],
          [ 2.0278e-02, -7.2038e-03,  6.2244e-02],
          [ 1.6427e-02,  2.3334e-02,  8.2563e-02]],

         [[ 2.7000e-02,  7.3751e-02,  2.0121e-03],
          [-1.5983e-02,  3.6171e-02, -2.2929e-02],
          [ 4.0839e-02, -1.0579e-02, -3.6420e-03]],

         ...,

         [[ 1.0426e-02,  2.0961e-02, -1.3871e-02],
          [ 2.0420e-02, -1.2200e-02,  4.9160e-02],
          [ 3.9506e-03,  5.6230e-02,  5.5615e-02]],

         [[ 6.9296e-02,  4.1255e-02, -9.6834e-04],
          [ 6.3971e-03,  6.1339e-02,  6.9045e-02],
          [ 3.2222e-02,  8.4494e-02,  6.3002e-02]],

         [[ 3.8496e-02, -1.7669e-02,  5.4238e-03],
          [-4.3188e-02, -5.8270e-02,  2.4351e-02],
          [-5.6532e-02,  3.6502e-02, -5.2155e-02]]],


        [[[-1.2847e-03, -6.0962e-02,  6.8778e-02],
          [-3.5936e-02, -6.7477e-02,  8.6521e-02],
          [ 1.9621e-02,  1.8223e-02,  1.1647e-01]],

         [[ 2.1295e-02,  3.9412e-02,  3.3041e-02],
          [-6.6808e-02, -4.2282e-02, -3.8238e-02],
          [-6.7149e-02,  4.3947e-02, -2.9285e-02]],

         [[ 7.1514e-03, -3.5796e-02,  3.4846e-02],
          [ 5.0067e-02,  5.0778e-02,  2.3925e-02],
          [ 5.0395e-02,  1.2015e-02, -4.1947e-03]],

         ...,

         [[-2.3957e-02,  3.7940e-02, -9.0052e-04],
          [-3.0844e-02, -8.1626e-03, -3.7216e-02],
          [-2.2039e-02,  3.4631e-02, -4.7713e-03]],

         [[ 1.9927e-02,  1.2441e-02,  2.5453e-02],
          [-2.1850e-02, -2.5977e-02,  6.5219e-02],
          [ 4.7549e-02,  3.5248e-02, -2.5223e-02]],

         [[-3.7492e-02,  9.9935e-03,  3.1865e-02],
          [-4.4799e-02, -4.9253e-02, -1.2675e-02],
          [ 5.6961e-02, -4.3002e-02,  5.1026e-02]]],


        [[[ 5.9431e-02,  3.3304e-03,  1.1384e-02],
          [ 1.0581e-02,  7.3849e-02,  5.7298e-03],
          [ 2.4869e-02, -1.4774e-02, -5.6632e-03]],

         [[-2.9497e-02, -3.4296e-03, -1.1043e-02],
          [ 1.4096e-02,  6.0885e-03, -5.0146e-02],
          [ 4.4062e-02,  2.7798e-02,  4.2040e-02]],

         [[ 4.1980e-02,  1.5168e-02,  3.4396e-02],
          [ 2.6389e-02,  3.4365e-02, -3.1816e-02],
          [ 2.4799e-02, -3.8352e-03,  2.9580e-02]],

         ...,

         [[-3.1511e-02,  3.3681e-02, -6.7746e-05],
          [-6.6510e-04,  3.3136e-03, -7.4178e-03],
          [ 2.9881e-02, -8.1105e-03, -2.4964e-02]],

         [[ 1.9437e-02, -1.6585e-02,  3.6560e-02],
          [ 2.3450e-02,  5.1564e-02,  4.2398e-03],
          [ 1.3080e-02, -9.4430e-03, -7.7555e-03]],

         [[ 6.6642e-03,  3.6134e-02, -1.7172e-02],
          [ 5.3101e-02, -1.2025e-02, -6.7815e-03],
          [ 5.2421e-02, -5.5444e-03,  3.6109e-02]]],


        ...,


        [[[ 3.3482e-02,  1.0451e-01,  5.6087e-02],
          [-3.6936e-02,  2.7209e-02,  4.0335e-02],
          [-7.8527e-03, -6.3467e-04,  1.7537e-02]],

         [[ 4.6530e-02, -5.2477e-02,  1.5278e-02],
          [ 1.4010e-02,  5.0654e-02, -1.5644e-02],
          [-4.7558e-02,  2.8368e-02,  1.7103e-02]],

         [[ 1.5555e-02, -3.1485e-02,  9.1609e-03],
          [ 2.4951e-02,  2.0902e-02,  1.8663e-02],
          [-5.0372e-03, -4.0041e-02, -4.4479e-03]],

         ...,

         [[ 3.2604e-02,  4.7845e-02, -1.5662e-02],
          [-1.5526e-03,  3.8578e-02,  3.4474e-02],
          [ 7.7934e-02,  8.0374e-02,  2.5721e-03]],

         [[ 6.8104e-02,  1.9098e-02,  4.5222e-02],
          [ 2.4994e-02,  4.1135e-02,  9.9833e-02],
          [-3.1420e-02,  8.8296e-02,  9.7425e-02]],

         [[-2.1069e-02, -7.0813e-03, -1.1855e-02],
          [ 3.7276e-02, -1.2532e-02,  2.0752e-02],
          [-3.5128e-02,  2.9753e-02, -2.0035e-02]]],


        [[[ 8.4479e-02, -1.0852e-02, -7.8812e-03],
          [ 6.6389e-02,  1.9465e-02, -2.8185e-02],
          [-5.4118e-02, -6.6424e-02, -5.1425e-02]],

         [[-4.5404e-02, -5.6902e-02, -2.7622e-02],
          [ 5.1022e-02, -3.9200e-02, -4.9591e-02],
          [ 2.6786e-02, -4.1629e-02, -2.4531e-02]],

         [[-9.1859e-03, -2.5397e-03, -2.9478e-02],
          [-5.4267e-02, -5.6923e-02, -1.8937e-02],
          [ 2.4203e-02,  4.2339e-03,  5.0501e-02]],

         ...,

         [[ 4.8257e-02, -4.4953e-02, -2.0601e-02],
          [ 4.7445e-02,  2.6616e-02,  2.8038e-02],
          [-1.5630e-02,  2.8691e-02,  1.9798e-02]],

         [[ 3.3109e-02,  8.2212e-02,  8.3400e-03],
          [ 2.4500e-02, -4.8095e-02,  1.3592e-02],
          [-8.2378e-02,  7.1114e-03,  1.4382e-02]],

         [[ 4.4962e-02,  4.0984e-02, -2.5227e-02],
          [ 4.1048e-02, -5.4701e-02,  4.5959e-02],
          [ 2.4006e-02, -9.1890e-03,  1.3203e-02]]],


        [[[ 6.9950e-02,  3.8744e-03,  5.1620e-02],
          [ 4.4136e-02,  9.7171e-02,  2.3607e-02],
          [ 1.6828e-02,  6.6657e-03,  5.3752e-02]],

         [[-6.0944e-02,  1.2754e-02,  2.2937e-02],
          [-7.4268e-03, -5.3524e-02,  3.4825e-02],
          [ 3.7898e-02, -1.8946e-02,  5.0506e-03]],

         [[-1.9171e-02, -2.3953e-02,  6.3936e-02],
          [ 2.0655e-02,  5.0054e-03,  4.5717e-02],
          [ 3.6052e-02,  3.0233e-02,  3.0453e-02]],

         ...,

         [[ 1.0548e-02,  2.1572e-03,  3.8361e-02],
          [-6.1968e-02, -2.6232e-03, -3.9406e-02],
          [-2.8548e-02, -4.4517e-02, -1.9468e-02]],

         [[-3.1687e-02, -2.7743e-02,  5.4007e-02],
          [ 5.4144e-02,  4.5982e-03,  3.3027e-03],
          [-1.5232e-02,  3.0406e-02, -9.0804e-04]],

         [[ 3.0630e-02,  6.3417e-03,  1.8196e-02],
          [-2.3987e-02, -2.1659e-02,  3.0825e-02],
          [ 4.6406e-02, -2.7120e-02,  3.6304e-02]]]], device='cuda:0')

----------------------body.2.bias----------------------
tensor([ 0.0036,  0.0571, -0.0207,  0.0512,  0.0286,  0.0463,  0.0033,  0.0412,
         0.0026,  0.0143, -0.0032,  0.0152,  0.0590,  0.0462, -0.0199, -0.0210,
         0.0350, -0.0203, -0.0035,  0.0147, -0.0331, -0.0426,  0.0491, -0.0317,
        -0.0441,  0.0242, -0.0052,  0.0328, -0.0012,  0.0131, -0.0107,  0.0175],
       device='cuda:0')

----------------------body.4.weight----------------------
tensor([[[[-0.0128, -0.0387,  0.0398],
          [-0.0781, -0.0549,  0.0061],
          [-0.0246, -0.0363,  0.0132]],

         [[-0.0458,  0.0118,  0.0354],
          [-0.0310, -0.0636, -0.0024],
          [ 0.0788,  0.0274,  0.0658]],

         [[-0.0465,  0.0503,  0.0592],
          [-0.0460,  0.0176, -0.0104],
          [ 0.0623, -0.0248, -0.0552]],

         ...,

         [[ 0.0594, -0.0078, -0.0323],
          [-0.0392, -0.0388,  0.0555],
          [ 0.0366, -0.0013,  0.0026]],

         [[ 0.0227,  0.0446,  0.0386],
          [ 0.0391,  0.0228,  0.0116],
          [-0.0155,  0.0374,  0.0166]],

         [[ 0.0383,  0.0623,  0.0486],
          [ 0.0533,  0.0490, -0.0091],
          [-0.0208,  0.0145,  0.0353]]],


        [[[-0.0515,  0.0261,  0.0473],
          [-0.0309, -0.0287, -0.0355],
          [ 0.0672, -0.0122, -0.0353]],

         [[ 0.0251, -0.0601, -0.0679],
          [ 0.0489,  0.0070,  0.0147],
          [ 0.0374, -0.0121, -0.0068]],

         [[-0.0114,  0.0287, -0.0161],
          [ 0.0006, -0.0414, -0.0316],
          [-0.0518,  0.0401,  0.0467]],

         ...,

         [[-0.0134,  0.0441,  0.0370],
          [-0.0165, -0.0285,  0.0055],
          [ 0.0350,  0.0661,  0.0496]],

         [[-0.0128,  0.0037,  0.0373],
          [ 0.0171,  0.0323,  0.0538],
          [ 0.0276,  0.0005, -0.0543]],

         [[-0.0264,  0.0321,  0.0560],
          [ 0.0219, -0.0424, -0.0496],
          [ 0.0573, -0.0168, -0.0154]]],


        [[[-0.0111,  0.0183,  0.0606],
          [ 0.0489,  0.0573,  0.0876],
          [-0.0125, -0.0025, -0.0039]],

         [[ 0.0420,  0.0518,  0.0108],
          [ 0.0397, -0.0593, -0.0206],
          [ 0.0133, -0.0016,  0.0406]],

         [[-0.0191,  0.0549, -0.0114],
          [ 0.0028,  0.0155,  0.0566],
          [-0.0178, -0.0055,  0.0441]],

         ...,

         [[-0.0155, -0.0301,  0.0327],
          [ 0.0195,  0.0066,  0.0540],
          [-0.0309,  0.0476,  0.0364]],

         [[-0.0351,  0.0592,  0.0266],
          [-0.0406,  0.0572, -0.0390],
          [ 0.0072,  0.0275,  0.0353]],

         [[-0.0475,  0.0607,  0.0621],
          [ 0.0388,  0.0303, -0.0271],
          [ 0.0412,  0.0042, -0.0041]]],


        ...,


        [[[ 0.0257, -0.0474, -0.0152],
          [-0.0568, -0.0302,  0.0595],
          [ 0.0067, -0.0210,  0.0315]],

         [[-0.0093,  0.0134,  0.0364],
          [ 0.0626, -0.0211, -0.0291],
          [-0.0163, -0.0311, -0.0456]],

         [[ 0.0236,  0.0601, -0.0257],
          [ 0.0078,  0.0392,  0.0600],
          [ 0.0376, -0.0165, -0.0073]],

         ...,

         [[ 0.0209,  0.0482,  0.0154],
          [-0.0642,  0.0507,  0.0625],
          [ 0.0608, -0.0493, -0.0246]],

         [[-0.0235,  0.0545,  0.0578],
          [ 0.0031,  0.0503,  0.0144],
          [-0.0165,  0.0261, -0.0322]],

         [[ 0.0236,  0.0346,  0.0612],
          [-0.0562, -0.0050,  0.0008],
          [ 0.0263,  0.0523,  0.0007]]],


        [[[ 0.0081, -0.0590,  0.0120],
          [-0.0070,  0.0518,  0.0047],
          [ 0.0074, -0.0153,  0.0396]],

         [[-0.0330,  0.0362,  0.0151],
          [-0.0375,  0.0472,  0.0047],
          [-0.0160,  0.0027, -0.0247]],

         [[-0.0322,  0.0385,  0.0487],
          [-0.0279,  0.0187, -0.0410],
          [-0.0286, -0.0581,  0.0310]],

         ...,

         [[-0.0095, -0.0355, -0.0423],
          [-0.0150, -0.0340,  0.0292],
          [-0.0167,  0.0509,  0.0326]],

         [[-0.0161, -0.0080, -0.0569],
          [ 0.0233, -0.0036,  0.0423],
          [-0.0549,  0.0045, -0.0306]],

         [[-0.0381, -0.0087,  0.0207],
          [ 0.0216, -0.0302, -0.0472],
          [ 0.0182, -0.0424, -0.0030]]],


        [[[ 0.1031,  0.0028,  0.0077],
          [ 0.0510,  0.0409,  0.0552],
          [ 0.0568,  0.0428,  0.0641]],

         [[-0.0345, -0.0413, -0.0330],
          [ 0.0141, -0.0439,  0.0538],
          [ 0.0403,  0.0277,  0.0131]],

         [[-0.0406,  0.0077, -0.0470],
          [-0.0486, -0.0251, -0.0239],
          [-0.0280,  0.0175, -0.0461]],

         ...,

         [[-0.0156, -0.0051,  0.0628],
          [-0.0213,  0.0067,  0.0182],
          [ 0.0507, -0.0130,  0.0321]],

         [[ 0.0302, -0.0070, -0.0113],
          [-0.0514, -0.0033, -0.0393],
          [ 0.0091, -0.0305, -0.0106]],

         [[-0.0384,  0.0184,  0.0369],
          [-0.0235, -0.0637, -0.0264],
          [ 0.0517,  0.0444, -0.0421]]]], device='cuda:0')

----------------------body.4.bias----------------------
tensor([ 0.0086,  0.0124, -0.0306, -0.0051,  0.0411,  0.0540,  0.0087, -0.0252,
         0.0095,  0.0227,  0.0213,  0.0039,  0.0487, -0.0325, -0.0476, -0.0346,
        -0.0087, -0.0317, -0.0435,  0.0207,  0.0540,  0.0258, -0.0020,  0.0017,
        -0.0332, -0.0229,  0.0184, -0.0487,  0.0531,  0.0475, -0.0409, -0.0014],
       device='cuda:0')

----------------------feature_head.weight----------------------
tensor([[[[ 0.0291,  0.0368,  0.0453],
          [ 0.0455,  0.0295,  0.0031],
          [ 0.0595,  0.0483, -0.0486]],

         [[ 0.0216,  0.0559, -0.0251],
          [-0.0133, -0.0250,  0.0157],
          [ 0.0552, -0.0064, -0.0431]],

         [[ 0.0107, -0.0058, -0.0410],
          [ 0.0541,  0.0114,  0.0081],
          [ 0.0285, -0.0221,  0.0350]],

         [[-0.0641,  0.0321,  0.0479],
          [ 0.0428, -0.0193, -0.0282],
          [-0.0478, -0.0035,  0.0154]],

         [[-0.0507,  0.0288, -0.0076],
          [-0.0123, -0.0198,  0.0447],
          [-0.0175, -0.0019, -0.0352]],

         [[-0.0468, -0.0515, -0.0135],
          [ 0.0533, -0.0219, -0.0557],
          [ 0.0401,  0.0172,  0.0138]],

         [[ 0.0446, -0.0381, -0.0589],
          [ 0.0348, -0.0228, -0.0511],
          [ 0.0564, -0.0229,  0.0217]],

         [[ 0.0064, -0.0606, -0.0302],
          [ 0.0370,  0.0167,  0.0475],
          [-0.0820, -0.1074, -0.0383]],

         [[ 0.0498, -0.0006,  0.0358],
          [ 0.0388,  0.0171,  0.0444],
          [ 0.0084,  0.0501, -0.0431]],

         [[ 0.0011,  0.0559,  0.0395],
          [ 0.0612, -0.0222,  0.0393],
          [ 0.0123,  0.0529,  0.0140]],

         [[ 0.0407, -0.0219, -0.0190],
          [ 0.0592,  0.0602,  0.0278],
          [ 0.0173, -0.0126, -0.0215]],

         [[-0.0634, -0.0153,  0.0146],
          [-0.0400, -0.0228, -0.0190],
          [-0.0668, -0.0233, -0.0665]],

         [[-0.0118,  0.0039,  0.0440],
          [ 0.0125, -0.0493, -0.0564],
          [ 0.0392, -0.0285, -0.0300]],

         [[-0.0120, -0.0196, -0.0414],
          [-0.0181, -0.0052,  0.0080],
          [ 0.0163, -0.0500, -0.0199]],

         [[-0.0235,  0.0085, -0.0114],
          [ 0.0449,  0.0468, -0.0044],
          [ 0.0047, -0.0436, -0.0175]],

         [[ 0.0144, -0.0180, -0.0562],
          [-0.0298, -0.0657, -0.0093],
          [ 0.0366, -0.0429, -0.0226]],

         [[-0.0112,  0.0467, -0.0491],
          [ 0.0313, -0.0238, -0.0206],
          [-0.0420, -0.0418,  0.0110]],

         [[-0.0082, -0.0417,  0.0350],
          [ 0.0440,  0.0517,  0.0438],
          [-0.0024, -0.0173, -0.0339]],

         [[-0.0269, -0.0477, -0.0144],
          [ 0.0245, -0.0086,  0.0212],
          [-0.0620, -0.0361,  0.0122]],

         [[-0.0281, -0.0481, -0.0072],
          [ 0.0235,  0.0466,  0.0260],
          [-0.0456, -0.0015, -0.0030]],

         [[ 0.0097, -0.0153, -0.0528],
          [ 0.0044, -0.0021,  0.0070],
          [ 0.0227, -0.0129, -0.0237]],

         [[-0.0640,  0.0049, -0.0037],
          [-0.0282, -0.0079,  0.0199],
          [ 0.0378, -0.0003,  0.0151]],

         [[ 0.0020,  0.0418, -0.0386],
          [-0.0100, -0.0592,  0.0358],
          [-0.0111, -0.0059,  0.0067]],

         [[-0.0169, -0.0060, -0.0418],
          [ 0.0030, -0.0491, -0.0587],
          [-0.0229, -0.0055,  0.0048]],

         [[-0.0583,  0.0247,  0.0540],
          [-0.0270,  0.0003, -0.0167],
          [ 0.0520,  0.0074,  0.0825]],

         [[-0.0153,  0.0026,  0.0167],
          [ 0.0413,  0.0174,  0.0435],
          [-0.0032, -0.0386,  0.0264]],

         [[-0.0226, -0.0033,  0.0371],
          [ 0.0150,  0.0323, -0.0522],
          [-0.0392,  0.0434,  0.0369]],

         [[ 0.0116,  0.0534, -0.0084],
          [ 0.0501, -0.0423, -0.0480],
          [ 0.0210, -0.0381,  0.0063]],

         [[ 0.0338,  0.0623, -0.0333],
          [-0.0292,  0.0410,  0.0132],
          [ 0.0108, -0.0104,  0.0600]],

         [[-0.0149, -0.0276,  0.0470],
          [-0.0121,  0.0327, -0.0278],
          [ 0.0097,  0.0009,  0.0318]],

         [[-0.0305, -0.0481, -0.0591],
          [-0.0381, -0.0035,  0.0080],
          [ 0.0549,  0.0287, -0.0291]],

         [[ 0.0040,  0.0319,  0.0641],
          [-0.0327,  0.0080, -0.0459],
          [-0.0223,  0.0306,  0.0128]]]], device='cuda:0')

----------------------feature_head.bias----------------------
tensor([-0.0394], device='cuda:0')

----------------------colour_head.0.weight----------------------
tensor([[[[-4.0126e-02,  4.2116e-02,  3.5763e-02],
          [-2.6992e-02, -2.9341e-02, -4.0663e-02],
          [ 4.7233e-02,  1.2948e-03,  5.2681e-02]],

         [[ 5.0869e-02, -3.5137e-02, -4.3625e-02],
          [-4.1770e-02,  4.3650e-02, -4.5836e-02],
          [-3.8076e-02,  4.4373e-02, -4.0223e-02]],

         [[-3.5667e-02, -3.5465e-02, -3.7097e-02],
          [ 6.4443e-02,  4.6500e-02,  5.5004e-02],
          [ 3.8521e-02,  2.2768e-02, -5.2989e-03]],

         [[ 6.7504e-03,  1.8517e-02,  3.9796e-02],
          [ 3.7095e-02,  5.2708e-02, -1.1671e-02],
          [ 4.7603e-02, -1.5411e-02,  2.3594e-02]],

         [[ 1.1323e-02,  3.7698e-02,  2.0069e-03],
          [-7.5482e-03, -7.2275e-03, -2.2665e-02],
          [ 3.1655e-02,  4.3180e-02,  2.5498e-02]],

         [[-2.6125e-02,  1.0198e-02, -2.3255e-02],
          [ 2.3021e-02,  3.5451e-02,  5.3413e-02],
          [ 3.9528e-02, -4.9065e-02, -3.5519e-02]],

         [[ 2.2585e-02,  5.0792e-02, -4.2308e-02],
          [-2.9992e-02,  2.6517e-02, -2.4253e-02],
          [ 4.5881e-02, -2.3191e-02,  4.0775e-02]],

         [[-1.0579e-02,  4.9312e-02, -7.5171e-04],
          [ 1.8975e-02, -4.5994e-02, -4.3988e-02],
          [-6.3183e-02, -1.5731e-02, -8.6186e-02]],

         [[-2.4627e-02,  3.7692e-03,  5.0915e-02],
          [ 1.5277e-02,  3.3279e-02, -3.8579e-02],
          [-4.1567e-02,  3.1895e-02,  2.8697e-02]],

         [[ 4.4839e-03,  4.1475e-02, -5.2684e-02],
          [ 4.2246e-02, -4.5529e-02, -4.7589e-02],
          [ 9.7298e-03,  4.2577e-02,  3.3192e-02]],

         [[ 7.4804e-03,  2.6013e-02, -3.0061e-02],
          [ 5.5239e-02,  3.5197e-02,  1.7125e-02],
          [ 5.9181e-02, -1.7030e-02, -3.6066e-02]],

         [[-3.1184e-02,  2.6908e-02, -4.9912e-02],
          [ 7.2277e-03,  5.0458e-02, -4.2613e-02],
          [ 5.8607e-04,  2.3233e-02, -3.6596e-02]],

         [[-1.0961e-02,  2.3337e-02,  3.0150e-02],
          [-5.6787e-02, -5.9858e-02,  2.5329e-02],
          [ 2.0817e-02, -1.0410e-02, -4.1034e-02]],

         [[ 5.5457e-02,  4.8058e-02, -3.4628e-02],
          [ 4.3214e-02,  3.6245e-02, -5.1731e-03],
          [-3.3115e-03, -3.3375e-02,  4.5113e-02]],

         [[ 4.4081e-02,  3.9641e-02,  5.5307e-02],
          [-5.7656e-03,  8.0965e-03,  5.7100e-02],
          [ 4.7137e-02,  2.3061e-02,  1.0432e-02]],

         [[-1.2337e-04,  1.6724e-02,  4.7101e-02],
          [ 3.9462e-02, -7.1973e-04, -2.6892e-02],
          [-5.6295e-03, -8.5737e-03,  6.5903e-02]],

         [[-4.3999e-02,  3.5290e-02,  4.1158e-02],
          [ 3.5031e-02,  1.9916e-02, -5.1329e-03],
          [-4.9393e-02,  3.0723e-02, -4.5681e-02]],

         [[-5.4901e-02, -3.9895e-02,  2.7776e-02],
          [ 5.3151e-02,  5.9926e-03, -2.7150e-02],
          [-4.7796e-02, -1.9755e-02, -5.2035e-02]],

         [[-4.0713e-03, -2.5696e-02, -3.6153e-02],
          [-4.2412e-02, -8.3532e-03, -3.5879e-02],
          [ 2.4621e-02,  9.4273e-03, -3.0222e-02]],

         [[ 2.9307e-03, -2.7410e-02, -1.7442e-02],
          [ 5.4927e-02,  5.0080e-02, -5.0833e-02],
          [-3.4102e-02,  1.8223e-02, -2.6212e-02]],

         [[ 2.5495e-02,  2.7952e-02,  3.5170e-02],
          [-1.7734e-02, -1.2125e-02,  2.8457e-02],
          [-6.3250e-02,  3.8753e-02, -4.3220e-02]],

         [[-1.0982e-02, -3.0016e-03,  2.0453e-02],
          [ 4.5805e-02, -4.8678e-02, -3.4283e-02],
          [ 1.7938e-02,  1.4246e-02, -2.8144e-02]],

         [[-3.2938e-02,  4.5345e-02,  1.1445e-02],
          [-4.0325e-02,  5.2129e-02,  3.2933e-02],
          [ 2.0972e-02, -1.3055e-02,  1.7984e-02]],

         [[ 1.4111e-02, -3.5036e-03, -5.7565e-02],
          [ 2.4590e-02, -7.9992e-03,  4.6050e-02],
          [-1.8566e-02,  1.0121e-02, -3.2263e-02]],

         [[-2.1992e-02, -9.6986e-03, -8.1001e-02],
          [ 2.2183e-02, -2.8970e-02, -6.7130e-02],
          [-1.1728e-01, -5.2235e-02,  1.3525e-02]],

         [[ 6.8409e-02,  7.1148e-02, -3.1027e-02],
          [ 1.7577e-02, -9.4088e-04, -1.8769e-02],
          [-1.0773e-02, -3.3659e-02, -4.7507e-02]],

         [[ 4.4835e-02, -3.6031e-02,  3.4211e-02],
          [-3.2448e-02, -9.0453e-03, -1.4189e-02],
          [ 4.4525e-02, -5.2684e-02,  1.2790e-03]],

         [[-2.5419e-02,  5.6110e-02,  1.1455e-03],
          [-4.3709e-03, -3.5397e-02,  4.6415e-02],
          [ 2.6519e-02,  3.6928e-02, -3.1576e-02]],

         [[-3.6160e-02,  2.3124e-02, -8.4573e-03],
          [-1.0281e-02,  4.6948e-02,  7.2292e-04],
          [ 3.2806e-02, -4.3761e-02,  1.7075e-02]],

         [[-4.7511e-02, -1.8033e-02,  2.8330e-02],
          [-3.6823e-02,  3.6185e-02,  3.5841e-02],
          [ 2.2699e-02, -5.7251e-03,  1.2608e-02]],

         [[ 1.7913e-02, -1.1918e-02, -4.4406e-02],
          [ 4.4896e-03,  3.9423e-02, -1.7874e-02],
          [ 1.9099e-02, -1.3723e-02, -1.6037e-02]],

         [[-3.8477e-02, -4.6351e-02, -9.2890e-03],
          [-2.5864e-02, -5.7167e-02,  5.1301e-02],
          [-5.2921e-02,  1.5092e-02,  2.8594e-02]]],


        [[[-6.2013e-03,  4.2830e-02, -2.4554e-02],
          [ 5.0488e-02,  2.1717e-02, -7.6733e-03],
          [-5.4854e-02,  2.0513e-02, -4.8152e-02]],

         [[ 2.4583e-02, -2.9543e-02, -3.6546e-02],
          [-6.2276e-03, -4.9549e-02, -6.6191e-03],
          [ 1.2731e-02,  2.3220e-02,  4.7698e-02]],

         [[ 3.9509e-02,  3.5058e-02, -2.9456e-02],
          [-1.5727e-02,  6.3026e-02, -2.0134e-02],
          [ 8.9906e-03,  3.5004e-02,  5.4535e-02]],

         [[ 1.9314e-02,  2.5879e-02,  6.2008e-02],
          [ 4.3747e-02, -2.0025e-02,  2.3240e-02],
          [ 7.7986e-03,  3.4430e-02, -2.3458e-02]],

         [[-1.8327e-02,  1.9033e-02,  4.3451e-02],
          [ 1.9054e-02, -3.5830e-02,  1.7064e-02],
          [-1.7702e-02,  2.0207e-02,  1.9696e-02]],

         [[ 1.3778e-02, -3.2974e-02,  4.1692e-02],
          [ 3.2571e-03,  5.2627e-02,  3.5254e-02],
          [ 2.1430e-02, -1.7516e-02,  3.8873e-02]],

         [[-2.3639e-03,  3.6017e-02, -4.4038e-03],
          [-1.2120e-03,  4.0851e-02, -3.2199e-02],
          [-2.3432e-02, -4.2013e-02,  5.0807e-02]],

         [[ 4.2229e-02,  2.1526e-02,  3.1032e-02],
          [ 1.1811e-02, -1.4540e-02, -3.9774e-02],
          [-7.1956e-03, -2.2545e-02, -1.7228e-01]],

         [[-3.1587e-02, -1.8601e-02, -6.0585e-02],
          [ 1.0765e-02, -1.9150e-03, -5.7564e-05],
          [ 2.7883e-02, -4.2027e-02, -9.1371e-03]],

         [[ 4.6134e-02,  2.8611e-02,  2.2282e-02],
          [-2.0432e-03, -1.8982e-02, -3.1043e-02],
          [-3.5200e-02,  3.8896e-02, -4.0961e-02]],

         [[ 4.8199e-02, -6.7310e-03,  1.7587e-02],
          [ 6.1183e-02,  7.0747e-03,  4.0994e-02],
          [ 2.2242e-02, -2.3917e-02, -2.4761e-02]],

         [[-5.3689e-03,  6.3244e-02, -2.8653e-02],
          [-8.6660e-03, -1.5162e-03, -2.7904e-02],
          [-1.3345e-02,  2.0249e-02,  4.3646e-02]],

         [[-2.3450e-02, -1.9152e-02, -4.6260e-02],
          [ 1.3776e-02,  8.2088e-03,  2.6864e-02],
          [ 4.8336e-02, -2.9847e-02,  4.1187e-02]],

         [[-3.5221e-02, -1.6389e-02, -5.8078e-02],
          [-5.2242e-03, -4.0525e-02, -6.4397e-02],
          [-2.8379e-02, -2.3257e-02, -4.4471e-02]],

         [[ 4.6394e-02,  5.5675e-02,  8.9512e-03],
          [-5.9218e-03, -3.6682e-02,  5.9517e-02],
          [ 1.7746e-02,  9.1932e-03, -5.4068e-03]],

         [[ 5.0160e-02,  4.6478e-02,  5.9407e-02],
          [ 4.4238e-02, -5.6819e-02, -5.5550e-02],
          [-3.4636e-02, -4.6899e-02,  4.7377e-03]],

         [[-1.7295e-02, -9.7004e-03,  2.8464e-02],
          [-1.4810e-02,  4.1283e-02,  2.2497e-02],
          [ 4.7988e-02,  3.6477e-02, -2.1510e-02]],

         [[-2.3623e-02, -8.5663e-04, -5.5367e-02],
          [-3.4478e-02, -3.3762e-02,  4.5653e-02],
          [-3.5207e-02, -3.6536e-02, -4.3637e-02]],

         [[ 4.9036e-03, -3.5457e-02, -5.3705e-02],
          [ 7.7921e-02, -2.1098e-02, -1.2654e-02],
          [ 2.9042e-02,  3.0563e-04,  4.8996e-03]],

         [[ 2.7681e-02, -2.9290e-02, -2.8026e-02],
          [-2.2435e-03, -5.9475e-02, -4.0321e-02],
          [ 3.0700e-02, -8.8920e-04, -4.3863e-02]],

         [[-4.5562e-02, -1.9804e-02,  5.6437e-02],
          [ 2.7121e-02, -4.3213e-02,  2.7548e-02],
          [-5.0058e-02,  5.8889e-02,  1.1126e-02]],

         [[-1.6956e-02,  4.2638e-02,  1.5180e-04],
          [-7.6309e-02,  2.3100e-02,  1.3095e-02],
          [-6.3904e-02, -7.0703e-04,  5.8383e-02]],

         [[ 3.3269e-02, -5.1577e-02, -3.1698e-02],
          [ 5.8132e-02,  5.6521e-02,  1.5822e-02],
          [-1.4654e-02,  6.0500e-02,  1.0992e-02]],

         [[ 4.1787e-02, -5.7957e-02, -4.0084e-02],
          [ 5.7019e-03, -1.2663e-03, -2.3277e-03],
          [-2.9635e-02,  1.9699e-02, -5.0648e-02]],

         [[-7.0784e-03, -7.1771e-02, -4.9893e-02],
          [-3.1577e-02, -4.3669e-02, -9.8661e-02],
          [-1.1272e-01, -1.6907e-03, -1.9472e-02]],

         [[ 4.1177e-02,  6.1695e-02, -1.2020e-02],
          [-4.5708e-02,  3.1766e-02,  4.0625e-02],
          [-2.7735e-02, -3.7861e-02, -1.7851e-02]],

         [[ 8.4711e-03,  1.8400e-02,  2.9750e-02],
          [ 5.1981e-02, -3.3688e-02,  4.2734e-02],
          [ 5.4790e-02, -2.3936e-02, -2.9819e-02]],

         [[ 5.1746e-02,  6.6858e-02,  1.6277e-02],
          [-3.9189e-02, -1.8018e-02, -5.4042e-02],
          [-1.2415e-02, -3.0492e-02,  5.7291e-02]],

         [[-8.1834e-03,  2.2648e-02,  3.1814e-02],
          [ 2.4641e-02,  2.6868e-02, -1.8240e-03],
          [-6.0348e-03, -4.3832e-02, -2.7634e-02]],

         [[-6.8134e-03,  5.2656e-02, -1.0128e-03],
          [ 1.9505e-02,  2.5993e-02, -5.1352e-02],
          [ 4.9871e-02,  2.1750e-02, -1.2248e-02]],

         [[-2.7572e-02, -3.5141e-02, -1.9154e-02],
          [-1.4393e-02,  4.3050e-03,  4.6901e-02],
          [-3.6578e-02, -2.8224e-02, -1.2402e-02]],

         [[-1.2416e-02,  2.2344e-02, -1.4666e-02],
          [-2.2016e-02,  3.9925e-02, -2.8880e-02],
          [-4.1248e-02,  2.0227e-02, -3.1015e-02]]],


        [[[-2.1210e-02,  5.8482e-02, -1.5271e-02],
          [-1.8077e-02,  3.2775e-02, -5.9569e-03],
          [ 5.8037e-02,  6.0128e-02,  8.0056e-03]],

         [[-6.0689e-03,  4.3527e-02,  3.8180e-02],
          [-3.3968e-02,  2.0444e-02,  1.6633e-02],
          [ 6.5318e-02, -2.7777e-02, -4.3288e-02]],

         [[-1.3706e-02, -5.5696e-02,  1.4110e-04],
          [ 4.4205e-02, -1.5594e-02,  6.4136e-02],
          [ 4.6954e-02,  5.2610e-02, -2.8085e-02]],

         [[ 4.4521e-02,  4.8472e-02,  4.4142e-02],
          [-3.3726e-02,  3.6006e-02,  2.1896e-02],
          [ 9.5353e-03,  5.7486e-02,  4.5074e-03]],

         [[-1.9637e-02, -2.9685e-02, -3.5179e-02],
          [-1.6884e-02,  5.3198e-02,  4.0323e-02],
          [ 3.3699e-02,  3.9747e-02,  2.3479e-02]],

         [[-1.3879e-02,  2.5294e-02, -1.4195e-02],
          [ 3.1149e-02,  3.8542e-02, -3.5094e-02],
          [-3.9616e-02, -5.2520e-02,  1.8486e-02]],

         [[-2.3990e-02, -6.6786e-03,  1.0216e-02],
          [ 7.9099e-03, -5.0279e-02, -6.2756e-03],
          [-1.1860e-02, -1.2972e-02, -5.9833e-02]],

         [[-3.2690e-02,  3.6340e-02,  6.2141e-02],
          [ 1.6273e-02, -3.9136e-02, -1.2405e-02],
          [-1.2530e-02, -1.0129e-01, -1.0876e-01]],

         [[ 8.5707e-03, -4.1189e-02, -4.1368e-02],
          [ 7.0041e-06, -7.4611e-03, -3.3121e-02],
          [-6.3424e-02, -1.8965e-02,  4.8778e-04]],

         [[ 7.8048e-02, -2.3784e-02,  2.0560e-03],
          [ 4.6923e-02,  2.2233e-02, -6.2982e-02],
          [-1.2907e-02, -6.2748e-02,  4.6921e-03]],

         [[-2.0518e-02, -3.6633e-02,  4.6294e-02],
          [-1.8802e-02,  2.8169e-02,  3.5874e-02],
          [ 3.0600e-02, -4.5470e-02, -3.6649e-02]],

         [[-5.1799e-02, -2.2839e-03,  7.5157e-03],
          [-4.4952e-02,  1.3898e-02, -7.7263e-02],
          [-3.5144e-02, -3.1586e-02, -1.3875e-02]],

         [[ 6.2505e-02,  6.2535e-02, -5.3013e-02],
          [ 6.2960e-03,  3.6333e-02, -4.4540e-03],
          [-1.2972e-02,  2.0194e-02,  6.1990e-02]],

         [[-1.1869e-02,  1.4669e-02,  6.7635e-04],
          [-2.8996e-02, -4.7979e-02, -2.7659e-02],
          [ 3.4159e-02, -8.1496e-03, -6.3081e-02]],

         [[ 4.4068e-02, -3.6070e-03, -1.7322e-02],
          [ 6.3683e-02, -4.0826e-02, -2.4740e-02],
          [-2.1723e-02,  1.3316e-02,  3.1669e-02]],

         [[-3.9575e-02,  2.1427e-02,  3.2291e-02],
          [-6.7729e-03, -4.8681e-02,  5.1770e-02],
          [ 5.5678e-03, -3.7679e-03,  3.7958e-02]],

         [[ 6.3105e-02,  3.3785e-02, -1.4600e-02],
          [ 4.1095e-03, -9.2076e-03,  4.0426e-02],
          [ 4.8628e-02,  3.9874e-02,  5.1422e-02]],

         [[ 4.0708e-02,  2.5288e-02, -5.7636e-02],
          [ 9.7393e-03, -2.1233e-02, -2.5585e-02],
          [ 8.9599e-03,  1.1414e-02, -4.9545e-02]],

         [[-1.0993e-02,  1.1708e-02,  3.0689e-03],
          [ 1.6043e-02,  2.6927e-02, -6.3214e-03],
          [-9.9398e-03,  2.8443e-02, -1.0267e-02]],

         [[ 4.2627e-02, -1.7406e-02, -5.6515e-02],
          [-8.5520e-03, -1.2838e-02,  3.3667e-02],
          [ 3.6370e-02,  3.9322e-03, -2.0407e-02]],

         [[ 1.7036e-03,  9.7286e-03,  6.2577e-02],
          [-2.8604e-03,  1.8430e-02,  7.0738e-03],
          [ 1.1483e-02, -5.0931e-02,  7.4258e-03]],

         [[-7.7427e-03, -4.8376e-03,  5.3545e-02],
          [ 5.7111e-03, -3.0056e-02,  5.6454e-02],
          [-6.3932e-02,  2.8228e-03,  3.8143e-02]],

         [[ 3.4459e-02,  2.4773e-02, -4.1731e-03],
          [-2.2894e-02, -3.6775e-03,  1.4136e-02],
          [-4.7344e-02,  2.7008e-02,  6.2560e-02]],

         [[-2.2181e-02,  2.0282e-02,  2.0962e-02],
          [-2.3190e-02,  3.2076e-02,  1.7328e-03],
          [ 4.5263e-02, -1.8484e-02,  4.2174e-02]],

         [[-6.1153e-02, -4.8956e-02, -1.0256e-01],
          [-9.5239e-03,  2.4327e-02, -1.5229e-02],
          [-9.5310e-02,  2.7921e-02,  5.2333e-02]],

         [[ 7.4592e-02,  2.6047e-02,  6.3595e-03],
          [-5.3315e-02, -2.2761e-02, -3.8239e-02],
          [ 3.0866e-02,  9.0509e-05, -2.7247e-02]],

         [[ 1.3705e-02,  4.9735e-02,  6.5923e-02],
          [-2.0460e-02,  3.2738e-02,  1.6185e-02],
          [-4.0431e-02,  2.7081e-02,  2.1734e-02]],

         [[-5.9066e-03,  3.8319e-02, -2.5905e-02],
          [-5.3369e-02, -4.9192e-02, -1.8558e-02],
          [-2.6509e-02, -1.9649e-02, -4.3498e-02]],

         [[ 3.1926e-02,  6.2275e-03, -3.8825e-02],
          [-4.2250e-02,  5.6817e-02, -3.6933e-02],
          [ 4.0314e-02,  1.4650e-02,  5.2316e-02]],

         [[-4.5069e-02,  3.6293e-02,  3.4920e-02],
          [ 4.8483e-03,  1.2479e-02, -3.9148e-02],
          [ 5.5130e-02,  3.8473e-02,  4.2160e-02]],

         [[-5.5778e-04, -3.7811e-02,  3.4680e-02],
          [-5.8929e-02,  3.4420e-02,  9.3882e-03],
          [ 9.6328e-03, -2.9504e-02, -1.8883e-02]],

         [[-4.0470e-02, -2.9469e-02, -1.8268e-03],
          [-6.1629e-03,  1.5345e-03, -6.8736e-02],
          [-7.0050e-03, -3.8938e-02, -8.0754e-02]]]], device='cuda:0')

----------------------colour_head.0.bias----------------------
tensor([ 0.0063, -0.0069, -0.0267], device='cuda:0')

----------------------blending_mask_head.0.weight----------------------
tensor([[[[-0.0488, -0.0326,  0.0417],
          [-0.0225, -0.0079, -0.0141],
          [-0.0432,  0.0726,  0.0460]],

         [[ 0.0461,  0.0728,  0.0749],
          [ 0.0337,  0.1307,  0.1012],
          [ 0.0932,  0.0285,  0.0188]],

         [[ 0.0257,  0.0678,  0.0003],
          [ 0.0764,  0.0365, -0.0046],
          [ 0.0418,  0.0457,  0.0134]],

         [[ 0.0207,  0.0486,  0.0240],
          [ 0.0212,  0.0006,  0.0584],
          [ 0.0476,  0.0022,  0.0417]],

         [[ 0.0542,  0.0711, -0.0176],
          [ 0.0516,  0.0553,  0.0585],
          [ 0.0455,  0.0757,  0.0181]],

         [[-0.0185, -0.0137, -0.0226],
          [-0.0370,  0.0588,  0.0330],
          [-0.0022,  0.0048,  0.0298]],

         [[ 0.0050,  0.0026, -0.0562],
          [ 0.0140, -0.0541, -0.0333],
          [ 0.0539, -0.0227, -0.0357]],

         [[ 0.0814,  0.0375,  0.0241],
          [ 0.0411, -0.0161,  0.0704],
          [-0.0885, -0.1036, -0.0507]],

         [[ 0.1916,  0.1597,  0.1381],
          [ 0.1056,  0.1430,  0.1952],
          [ 0.1867,  0.1970,  0.1882]],

         [[ 0.0780,  0.1148,  0.0527],
          [ 0.1312,  0.0910,  0.0466],
          [ 0.1099,  0.0809,  0.0233]],

         [[ 0.0369,  0.0405,  0.0304],
          [ 0.0863,  0.0529, -0.0251],
          [ 0.0420, -0.0382, -0.0117]],

         [[ 0.1430,  0.1388,  0.0767],
          [ 0.0713,  0.1446,  0.1251],
          [ 0.1945,  0.1097,  0.0842]],

         [[ 0.0518,  0.0796,  0.0922],
          [ 0.0375,  0.1371,  0.1107],
          [ 0.1441,  0.1205,  0.1378]],

         [[ 0.0183,  0.0238,  0.0252],
          [ 0.0207,  0.0420,  0.0333],
          [ 0.0162,  0.0185,  0.0117]],

         [[-0.0434,  0.0498, -0.0240],
          [ 0.0231, -0.0058, -0.0337],
          [-0.0444,  0.0480,  0.0618]],

         [[-0.0423, -0.0036, -0.0129],
          [-0.0595, -0.0589,  0.0058],
          [ 0.0016,  0.0193,  0.0436]],

         [[ 0.0051,  0.0064,  0.0347],
          [-0.0023, -0.0106, -0.0128],
          [ 0.0318,  0.0016, -0.0077]],

         [[ 0.0463,  0.0351,  0.0281],
          [ 0.0030, -0.0361,  0.0396],
          [-0.0335,  0.0448,  0.0029]],

         [[ 0.1481,  0.0728,  0.1081],
          [ 0.1288,  0.0735,  0.0736],
          [ 0.1516,  0.1464,  0.1201]],

         [[ 0.0618,  0.1559,  0.1142],
          [ 0.1004,  0.0955,  0.0525],
          [ 0.1009,  0.1720,  0.1198]],

         [[ 0.0446,  0.0421,  0.0549],
          [ 0.0794,  0.0695,  0.0198],
          [ 0.0429, -0.0148, -0.0127]],

         [[ 0.1920,  0.1238,  0.2021],
          [ 0.1970,  0.1874,  0.1695],
          [ 0.1892,  0.1635,  0.2191]],

         [[ 0.0437,  0.0467, -0.0631],
          [ 0.0344,  0.0244,  0.0204],
          [ 0.0187, -0.0451, -0.0245]],

         [[-0.0139, -0.0080,  0.0268],
          [ 0.0342, -0.0060, -0.0346],
          [ 0.0197, -0.0096, -0.0511]],

         [[ 0.0440,  0.0081, -0.0150],
          [ 0.0711,  0.1211, -0.0205],
          [ 0.0033,  0.0112, -0.0070]],

         [[ 0.0806,  0.1100,  0.0831],
          [ 0.0111, -0.0101, -0.0072],
          [-0.0104, -0.0161, -0.0165]],

         [[ 0.0641,  0.0670, -0.0398],
          [-0.0284, -0.0017,  0.0533],
          [ 0.0479, -0.0531,  0.0472]],

         [[ 0.0384,  0.0483, -0.0056],
          [-0.0446, -0.0199,  0.0246],
          [ 0.0257,  0.0332, -0.0251]],

         [[ 0.1466,  0.1786,  0.1908],
          [ 0.0840,  0.0924,  0.1904],
          [ 0.1082,  0.1401,  0.1631]],

         [[ 0.0582, -0.0043, -0.0315],
          [ 0.0311, -0.0084,  0.0669],
          [ 0.0588, -0.0343, -0.0010]],

         [[-0.0262,  0.0488, -0.0465],
          [-0.0133,  0.0610,  0.0033],
          [-0.0439,  0.0068,  0.0245]],

         [[ 0.1320,  0.1041,  0.1025],
          [ 0.1709,  0.1227,  0.0975],
          [ 0.1352,  0.1515,  0.1817]]]], device='cuda:0')

----------------------blending_mask_head.0.bias----------------------
tensor([0.1323], device='cuda:0')

----------------------input_conv.weight----------------------
tensor([[[[ 0.0973,  0.1100,  0.0027],
          [ 0.1151,  0.0071,  0.0465],
          [-0.0378,  0.0823,  0.1089]],

         [[-0.0645,  0.1096,  0.0421],
          [ 0.0915,  0.0391,  0.0705],
          [-0.0053,  0.0973,  0.0277]],

         [[-0.0485,  0.0323, -0.0385],
          [-0.0111, -0.0305,  0.0775],
          [-0.0847, -0.0441, -0.0280]],

         ...,

         [[-0.0340,  0.0366, -0.0177],
          [ 0.0898, -0.0594, -0.0621],
          [-0.0606,  0.0958,  0.0339]],

         [[ 0.1052, -0.0813, -0.0989],
          [-0.0786, -0.0662,  0.0452],
          [ 0.0417,  0.0904, -0.0536]],

         [[-0.0750,  0.0533, -0.0448],
          [ 0.0611, -0.0278,  0.0575],
          [-0.0870, -0.0586,  0.0267]]],


        [[[-0.0167, -0.0914,  0.0444],
          [ 0.0725, -0.1370, -0.0834],
          [ 0.0976, -0.0574, -0.0227]],

         [[-0.1271, -0.1080,  0.0245],
          [ 0.0028, -0.1191, -0.0075],
          [-0.0570, -0.0980, -0.0322]],

         [[-0.1641, -0.1670,  0.0601],
          [ 0.0068, -0.0622, -0.1599],
          [-0.0823, -0.0867, -0.0007]],

         ...,

         [[-0.0854,  0.0904, -0.0765],
          [ 0.0756,  0.0564,  0.0595],
          [-0.0352,  0.1224,  0.0558]],

         [[ 0.0070, -0.0989,  0.0449],
          [ 0.0091, -0.0252,  0.1194],
          [ 0.0523, -0.0261, -0.0157]],

         [[-0.0080,  0.0566, -0.0293],
          [-0.0615, -0.0361, -0.0782],
          [ 0.0348,  0.0799, -0.1001]]],


        [[[ 0.0454,  0.0787,  0.0383],
          [-0.0112,  0.0863,  0.0821],
          [ 0.0612,  0.0103, -0.0036]],

         [[ 0.0292,  0.0018, -0.0157],
          [ 0.0901,  0.1177,  0.0127],
          [-0.0042,  0.0272,  0.0146]],

         [[ 0.0363,  0.0434, -0.0856],
          [-0.0229,  0.1096,  0.0592],
          [ 0.0081, -0.0437, -0.0489]],

         ...,

         [[-0.0502, -0.0046, -0.0576],
          [-0.0576,  0.0494, -0.0136],
          [ 0.0734, -0.0209, -0.0619]],

         [[-0.0101, -0.0386, -0.0177],
          [-0.0909,  0.0711, -0.0576],
          [ 0.0595,  0.0587,  0.0885]],

         [[-0.0789,  0.0789, -0.0474],
          [ 0.0352,  0.0964, -0.0181],
          [-0.0118, -0.0335, -0.0969]]],


        ...,


        [[[ 0.1078,  0.0266,  0.0816],
          [-0.0863, -0.0418,  0.0342],
          [ 0.0993,  0.0672,  0.0313]],

         [[-0.0957,  0.0229, -0.0541],
          [-0.0872,  0.0270, -0.0444],
          [ 0.1105, -0.0394,  0.0472]],

         [[ 0.0714, -0.0595,  0.0727],
          [-0.0097,  0.0696,  0.1291],
          [-0.0263, -0.0226,  0.1054]],

         ...,

         [[-0.0495, -0.0668,  0.0047],
          [-0.0018, -0.0791,  0.0783],
          [-0.0841,  0.0952, -0.0720]],

         [[-0.0100,  0.0271, -0.0367],
          [ 0.0962, -0.0720, -0.0029],
          [-0.0821,  0.0246,  0.0890]],

         [[ 0.0922,  0.0116, -0.0515],
          [ 0.0934,  0.0040,  0.0709],
          [-0.0677, -0.0579, -0.0930]]],


        [[[ 0.1164,  0.0300, -0.0666],
          [ 0.0336, -0.0228,  0.0182],
          [ 0.0523, -0.0343,  0.0332]],

         [[-0.0480,  0.0311, -0.0942],
          [ 0.0396,  0.1248,  0.1084],
          [ 0.0547,  0.0942,  0.1162]],

         [[ 0.0456,  0.0432,  0.0191],
          [ 0.1130,  0.1079, -0.0399],
          [ 0.0092, -0.0386,  0.0499]],

         ...,

         [[ 0.0897, -0.0667, -0.0691],
          [-0.0851,  0.0330, -0.0752],
          [-0.0371, -0.0493,  0.0332]],

         [[-0.1009, -0.0462,  0.0035],
          [ 0.0117, -0.0458,  0.0411],
          [-0.0678, -0.0864, -0.0108]],

         [[-0.0492,  0.0752, -0.0624],
          [-0.0023,  0.0521, -0.0827],
          [ 0.0845, -0.0427, -0.0214]]],


        [[[-0.0469, -0.0127, -0.0149],
          [-0.0870,  0.0550,  0.0233],
          [ 0.1146,  0.0879,  0.1140]],

         [[ 0.0478,  0.0806,  0.1227],
          [ 0.0931, -0.0630, -0.0015],
          [-0.0903,  0.0204, -0.0160]],

         [[ 0.1068,  0.0404,  0.0232],
          [-0.0716, -0.0666,  0.0358],
          [-0.0428, -0.0343,  0.0921]],

         ...,

         [[-0.0082,  0.0385,  0.0507],
          [ 0.0279, -0.0762, -0.0606],
          [ 0.0071, -0.0122, -0.0828]],

         [[ 0.1048,  0.0158, -0.0722],
          [ 0.0480,  0.0493, -0.0480],
          [ 0.0561, -0.0612,  0.0402]],

         [[ 0.0936,  0.0649,  0.0490],
          [-0.0299,  0.0134,  0.0324],
          [ 0.0165, -0.0299,  0.0078]]]], device='cuda:0')

----------------------input_conv.bias----------------------
tensor([-0.0225, -0.0364, -0.0756, -0.0640, -0.0544,  0.0937,  0.0256, -0.0704,
        -0.0449,  0.0304, -0.0223, -0.0178, -0.0191, -0.0239,  0.0218,  0.0122,
         0.0581,  0.0686,  0.0854, -0.0040, -0.0306,  0.0162, -0.0084,  0.0477,
         0.0171, -0.0223, -0.0899,  0.0497,  0.0628,  0.1028, -0.0316,  0.0347],
       device='cuda:0')

----------------------body.0.weight----------------------
tensor([[[[ 0.0044, -0.0307, -0.0359],
          [ 0.0290, -0.0403,  0.0425],
          [ 0.0084,  0.0108,  0.0277]],

         [[ 0.0314,  0.0460,  0.0484],
          [ 0.0186,  0.0252,  0.0421],
          [ 0.0985,  0.1118,  0.0702]],

         [[-0.0134, -0.0087, -0.0313],
          [ 0.0339, -0.0309, -0.0030],
          [ 0.0525,  0.0251,  0.0008]],

         ...,

         [[-0.0568,  0.0048, -0.0132],
          [ 0.0162, -0.0355,  0.0259],
          [-0.0012, -0.0218, -0.0518]],

         [[ 0.0395, -0.0162,  0.0476],
          [ 0.0178,  0.0245,  0.0012],
          [-0.0019, -0.0093, -0.0393]],

         [[ 0.0317, -0.0351,  0.0303],
          [-0.0229,  0.0397,  0.0498],
          [-0.0349,  0.0539,  0.0015]]],


        [[[-0.0436,  0.0251,  0.0255],
          [ 0.0506, -0.0596,  0.0523],
          [ 0.0395,  0.0589,  0.0327]],

         [[-0.0324,  0.0453,  0.0558],
          [-0.0133,  0.0064,  0.0529],
          [ 0.0518,  0.0636,  0.0606]],

         [[-0.0033,  0.0061,  0.0066],
          [ 0.0758,  0.0496,  0.0040],
          [ 0.0433, -0.0489, -0.0236]],

         ...,

         [[-0.0031,  0.0261,  0.0413],
          [ 0.0457, -0.0461, -0.0510],
          [-0.0117, -0.0034,  0.0368]],

         [[ 0.0626,  0.0290, -0.0232],
          [-0.0021,  0.0533,  0.0475],
          [-0.0372,  0.0047, -0.0465]],

         [[-0.0322,  0.0392, -0.0320],
          [ 0.0216, -0.0483,  0.0476],
          [ 0.0205,  0.0482,  0.0305]]],


        [[[ 0.0061, -0.0269, -0.0308],
          [-0.0384,  0.0504, -0.0199],
          [-0.0014, -0.0564,  0.0142]],

         [[-0.0287, -0.0770, -0.0166],
          [-0.0611, -0.0426, -0.0667],
          [ 0.0335, -0.0838, -0.0162]],

         [[ 0.0346, -0.0368,  0.0418],
          [ 0.0543, -0.0236,  0.0103],
          [ 0.0248,  0.0627,  0.0511]],

         ...,

         [[ 0.0430,  0.0367, -0.0468],
          [-0.0399, -0.0214, -0.0410],
          [ 0.0220, -0.0388, -0.0444]],

         [[ 0.0291,  0.0482, -0.0098],
          [-0.0454,  0.0229,  0.0371],
          [ 0.0580,  0.0204,  0.0494]],

         [[-0.0473,  0.0594, -0.0308],
          [-0.0323,  0.0454, -0.0055],
          [ 0.0431, -0.0378,  0.0511]]],


        ...,


        [[[ 0.0205,  0.0082, -0.0423],
          [-0.0068, -0.0474,  0.0208],
          [ 0.0068,  0.0097,  0.0006]],

         [[ 0.0189, -0.0235,  0.0635],
          [ 0.0039,  0.0228,  0.0149],
          [-0.0639,  0.0205,  0.0484]],

         [[ 0.0253, -0.0105,  0.0052],
          [-0.0036, -0.0290,  0.0111],
          [ 0.0139,  0.0023, -0.0439]],

         ...,

         [[ 0.0318,  0.0353,  0.0549],
          [ 0.0521, -0.0201,  0.0401],
          [ 0.0333,  0.0299, -0.0128]],

         [[-0.0350, -0.0415,  0.0210],
          [ 0.0001, -0.0043,  0.0581],
          [-0.0367,  0.0147,  0.0149]],

         [[-0.0053,  0.0466,  0.0416],
          [-0.0429,  0.0181, -0.0304],
          [-0.0356, -0.0469,  0.0261]]],


        [[[-0.0228, -0.0655, -0.0449],
          [-0.0079,  0.0052,  0.0214],
          [-0.0360, -0.0085,  0.0399]],

         [[-0.0560, -0.0326, -0.0264],
          [-0.0450, -0.0246,  0.0222],
          [ 0.0085, -0.0898, -0.0662]],

         [[-0.0120, -0.0452, -0.1144],
          [-0.0421,  0.0146,  0.0037],
          [ 0.0482,  0.0052, -0.0131]],

         ...,

         [[-0.0332, -0.0876, -0.0580],
          [-0.0070, -0.0861, -0.0723],
          [ 0.0503, -0.0682, -0.0419]],

         [[-0.0251,  0.0641,  0.0418],
          [ 0.0450, -0.0148, -0.0454],
          [ 0.0060,  0.0554,  0.0226]],

         [[-0.0299, -0.0522,  0.0496],
          [ 0.0151,  0.0355, -0.0566],
          [ 0.0131,  0.0500, -0.0640]]],


        [[[-0.0484, -0.0474, -0.0245],
          [ 0.0016,  0.0361, -0.0177],
          [ 0.0516,  0.0525,  0.0424]],

         [[-0.0531,  0.0134,  0.0233],
          [ 0.0342, -0.0683, -0.0269],
          [-0.0351, -0.0340,  0.0037]],

         [[-0.0059,  0.0243, -0.0446],
          [-0.0203,  0.0283, -0.0154],
          [ 0.0077, -0.0304,  0.0621]],

         ...,

         [[ 0.0087, -0.0232,  0.0416],
          [-0.0386,  0.0020,  0.0495],
          [ 0.0159, -0.0403,  0.0581]],

         [[-0.0316, -0.0217,  0.0370],
          [-0.0292,  0.0109,  0.0276],
          [ 0.0375, -0.0275,  0.0654]],

         [[ 0.0509, -0.0163,  0.0050],
          [-0.0150, -0.0268,  0.0515],
          [ 0.0501,  0.0197,  0.0540]]]], device='cuda:0')

----------------------body.0.bias----------------------
tensor([-0.0630,  0.0102, -0.0238,  0.0283,  0.0076, -0.0487,  0.0078,  0.0249,
        -0.0125, -0.0035, -0.0431,  0.0522, -0.0531, -0.0297, -0.0387, -0.0207,
        -0.0241,  0.0190,  0.0439,  0.0129,  0.0163,  0.0465, -0.0549,  0.0068,
         0.0280,  0.0112, -0.0161, -0.0131, -0.0204,  0.0630, -0.0270, -0.0114],
       device='cuda:0')

----------------------body.2.weight----------------------
tensor([[[[ 1.3799e-02,  1.4295e-02, -5.2105e-02],
          [ 2.2761e-02,  3.1252e-02, -2.2960e-02],
          [-2.6936e-02,  8.2463e-03,  1.7210e-02]],

         [[ 3.8454e-03, -9.2362e-03,  5.2860e-02],
          [ 2.0278e-02, -7.2038e-03,  6.2244e-02],
          [ 1.6427e-02,  2.3334e-02,  8.2563e-02]],

         [[ 2.7000e-02,  7.3751e-02,  2.0121e-03],
          [-1.5983e-02,  3.6171e-02, -2.2929e-02],
          [ 4.0839e-02, -1.0579e-02, -3.6420e-03]],

         ...,

         [[ 1.0426e-02,  2.0961e-02, -1.3871e-02],
          [ 2.0420e-02, -1.2200e-02,  4.9160e-02],
          [ 3.9506e-03,  5.6230e-02,  5.5615e-02]],

         [[ 6.9296e-02,  4.1255e-02, -9.6834e-04],
          [ 6.3971e-03,  6.1339e-02,  6.9045e-02],
          [ 3.2222e-02,  8.4494e-02,  6.3002e-02]],

         [[ 3.8496e-02, -1.7669e-02,  5.4238e-03],
          [-4.3188e-02, -5.8270e-02,  2.4351e-02],
          [-5.6532e-02,  3.6502e-02, -5.2155e-02]]],


        [[[-1.2847e-03, -6.0962e-02,  6.8778e-02],
          [-3.5936e-02, -6.7477e-02,  8.6521e-02],
          [ 1.9621e-02,  1.8223e-02,  1.1647e-01]],

         [[ 2.1295e-02,  3.9412e-02,  3.3041e-02],
          [-6.6808e-02, -4.2282e-02, -3.8238e-02],
          [-6.7149e-02,  4.3947e-02, -2.9285e-02]],

         [[ 7.1514e-03, -3.5796e-02,  3.4846e-02],
          [ 5.0067e-02,  5.0778e-02,  2.3925e-02],
          [ 5.0395e-02,  1.2015e-02, -4.1947e-03]],

         ...,

         [[-2.3957e-02,  3.7940e-02, -9.0052e-04],
          [-3.0844e-02, -8.1626e-03, -3.7216e-02],
          [-2.2039e-02,  3.4631e-02, -4.7713e-03]],

         [[ 1.9927e-02,  1.2441e-02,  2.5453e-02],
          [-2.1850e-02, -2.5977e-02,  6.5219e-02],
          [ 4.7549e-02,  3.5248e-02, -2.5223e-02]],

         [[-3.7492e-02,  9.9935e-03,  3.1865e-02],
          [-4.4799e-02, -4.9253e-02, -1.2675e-02],
          [ 5.6961e-02, -4.3002e-02,  5.1026e-02]]],


        [[[ 5.9431e-02,  3.3304e-03,  1.1384e-02],
          [ 1.0581e-02,  7.3849e-02,  5.7298e-03],
          [ 2.4869e-02, -1.4774e-02, -5.6632e-03]],

         [[-2.9497e-02, -3.4296e-03, -1.1043e-02],
          [ 1.4096e-02,  6.0885e-03, -5.0146e-02],
          [ 4.4062e-02,  2.7798e-02,  4.2040e-02]],

         [[ 4.1980e-02,  1.5168e-02,  3.4396e-02],
          [ 2.6389e-02,  3.4365e-02, -3.1816e-02],
          [ 2.4799e-02, -3.8352e-03,  2.9580e-02]],

         ...,

         [[-3.1511e-02,  3.3681e-02, -6.7746e-05],
          [-6.6510e-04,  3.3136e-03, -7.4178e-03],
          [ 2.9881e-02, -8.1105e-03, -2.4964e-02]],

         [[ 1.9437e-02, -1.6585e-02,  3.6560e-02],
          [ 2.3450e-02,  5.1564e-02,  4.2398e-03],
          [ 1.3080e-02, -9.4430e-03, -7.7555e-03]],

         [[ 6.6642e-03,  3.6134e-02, -1.7172e-02],
          [ 5.3101e-02, -1.2025e-02, -6.7815e-03],
          [ 5.2421e-02, -5.5444e-03,  3.6109e-02]]],


        ...,


        [[[ 3.3482e-02,  1.0451e-01,  5.6087e-02],
          [-3.6936e-02,  2.7209e-02,  4.0335e-02],
          [-7.8527e-03, -6.3467e-04,  1.7537e-02]],

         [[ 4.6530e-02, -5.2477e-02,  1.5278e-02],
          [ 1.4010e-02,  5.0654e-02, -1.5644e-02],
          [-4.7558e-02,  2.8368e-02,  1.7103e-02]],

         [[ 1.5555e-02, -3.1485e-02,  9.1609e-03],
          [ 2.4951e-02,  2.0902e-02,  1.8663e-02],
          [-5.0372e-03, -4.0041e-02, -4.4479e-03]],

         ...,

         [[ 3.2604e-02,  4.7845e-02, -1.5662e-02],
          [-1.5526e-03,  3.8578e-02,  3.4474e-02],
          [ 7.7934e-02,  8.0374e-02,  2.5721e-03]],

         [[ 6.8104e-02,  1.9098e-02,  4.5222e-02],
          [ 2.4994e-02,  4.1135e-02,  9.9833e-02],
          [-3.1420e-02,  8.8296e-02,  9.7425e-02]],

         [[-2.1069e-02, -7.0813e-03, -1.1855e-02],
          [ 3.7276e-02, -1.2532e-02,  2.0752e-02],
          [-3.5128e-02,  2.9753e-02, -2.0035e-02]]],


        [[[ 8.4479e-02, -1.0852e-02, -7.8812e-03],
          [ 6.6389e-02,  1.9465e-02, -2.8185e-02],
          [-5.4118e-02, -6.6424e-02, -5.1425e-02]],

         [[-4.5404e-02, -5.6902e-02, -2.7622e-02],
          [ 5.1022e-02, -3.9200e-02, -4.9591e-02],
          [ 2.6786e-02, -4.1629e-02, -2.4531e-02]],

         [[-9.1859e-03, -2.5397e-03, -2.9478e-02],
          [-5.4267e-02, -5.6923e-02, -1.8937e-02],
          [ 2.4203e-02,  4.2339e-03,  5.0501e-02]],

         ...,

         [[ 4.8257e-02, -4.4953e-02, -2.0601e-02],
          [ 4.7445e-02,  2.6616e-02,  2.8038e-02],
          [-1.5630e-02,  2.8691e-02,  1.9798e-02]],

         [[ 3.3109e-02,  8.2212e-02,  8.3400e-03],
          [ 2.4500e-02, -4.8095e-02,  1.3592e-02],
          [-8.2378e-02,  7.1114e-03,  1.4382e-02]],

         [[ 4.4962e-02,  4.0984e-02, -2.5227e-02],
          [ 4.1048e-02, -5.4701e-02,  4.5959e-02],
          [ 2.4006e-02, -9.1890e-03,  1.3203e-02]]],


        [[[ 6.9950e-02,  3.8744e-03,  5.1620e-02],
          [ 4.4136e-02,  9.7171e-02,  2.3607e-02],
          [ 1.6828e-02,  6.6657e-03,  5.3752e-02]],

         [[-6.0944e-02,  1.2754e-02,  2.2937e-02],
          [-7.4268e-03, -5.3524e-02,  3.4825e-02],
          [ 3.7898e-02, -1.8946e-02,  5.0506e-03]],

         [[-1.9171e-02, -2.3953e-02,  6.3936e-02],
          [ 2.0655e-02,  5.0054e-03,  4.5717e-02],
          [ 3.6052e-02,  3.0233e-02,  3.0453e-02]],

         ...,

         [[ 1.0548e-02,  2.1572e-03,  3.8361e-02],
          [-6.1968e-02, -2.6232e-03, -3.9406e-02],
          [-2.8548e-02, -4.4517e-02, -1.9468e-02]],

         [[-3.1687e-02, -2.7743e-02,  5.4007e-02],
          [ 5.4144e-02,  4.5982e-03,  3.3027e-03],
          [-1.5232e-02,  3.0406e-02, -9.0804e-04]],

         [[ 3.0630e-02,  6.3417e-03,  1.8196e-02],
          [-2.3987e-02, -2.1659e-02,  3.0825e-02],
          [ 4.6406e-02, -2.7120e-02,  3.6304e-02]]]], device='cuda:0')

----------------------body.2.bias----------------------
tensor([ 0.0036,  0.0571, -0.0207,  0.0512,  0.0286,  0.0463,  0.0033,  0.0412,
         0.0026,  0.0143, -0.0032,  0.0152,  0.0590,  0.0462, -0.0199, -0.0210,
         0.0350, -0.0203, -0.0035,  0.0147, -0.0331, -0.0426,  0.0491, -0.0317,
        -0.0441,  0.0242, -0.0052,  0.0328, -0.0012,  0.0131, -0.0107,  0.0175],
       device='cuda:0')

----------------------body.4.weight----------------------
tensor([[[[-0.0128, -0.0387,  0.0398],
          [-0.0781, -0.0549,  0.0061],
          [-0.0246, -0.0363,  0.0132]],

         [[-0.0458,  0.0118,  0.0354],
          [-0.0310, -0.0636, -0.0024],
          [ 0.0788,  0.0274,  0.0658]],

         [[-0.0465,  0.0503,  0.0592],
          [-0.0460,  0.0176, -0.0104],
          [ 0.0623, -0.0248, -0.0552]],

         ...,

         [[ 0.0594, -0.0078, -0.0323],
          [-0.0392, -0.0388,  0.0555],
          [ 0.0366, -0.0013,  0.0026]],

         [[ 0.0227,  0.0446,  0.0386],
          [ 0.0391,  0.0228,  0.0116],
          [-0.0155,  0.0374,  0.0166]],

         [[ 0.0383,  0.0623,  0.0486],
          [ 0.0533,  0.0490, -0.0091],
          [-0.0208,  0.0145,  0.0353]]],


        [[[-0.0515,  0.0261,  0.0473],
          [-0.0309, -0.0287, -0.0355],
          [ 0.0672, -0.0122, -0.0353]],

         [[ 0.0251, -0.0601, -0.0679],
          [ 0.0489,  0.0070,  0.0147],
          [ 0.0374, -0.0121, -0.0068]],

         [[-0.0114,  0.0287, -0.0161],
          [ 0.0006, -0.0414, -0.0316],
          [-0.0518,  0.0401,  0.0467]],

         ...,

         [[-0.0134,  0.0441,  0.0370],
          [-0.0165, -0.0285,  0.0055],
          [ 0.0350,  0.0661,  0.0496]],

         [[-0.0128,  0.0037,  0.0373],
          [ 0.0171,  0.0323,  0.0538],
          [ 0.0276,  0.0005, -0.0543]],

         [[-0.0264,  0.0321,  0.0560],
          [ 0.0219, -0.0424, -0.0496],
          [ 0.0573, -0.0168, -0.0154]]],


        [[[-0.0111,  0.0183,  0.0606],
          [ 0.0489,  0.0573,  0.0876],
          [-0.0125, -0.0025, -0.0039]],

         [[ 0.0420,  0.0518,  0.0108],
          [ 0.0397, -0.0593, -0.0206],
          [ 0.0133, -0.0016,  0.0406]],

         [[-0.0191,  0.0549, -0.0114],
          [ 0.0028,  0.0155,  0.0566],
          [-0.0178, -0.0055,  0.0441]],

         ...,

         [[-0.0155, -0.0301,  0.0327],
          [ 0.0195,  0.0066,  0.0540],
          [-0.0309,  0.0476,  0.0364]],

         [[-0.0351,  0.0592,  0.0266],
          [-0.0406,  0.0572, -0.0390],
          [ 0.0072,  0.0275,  0.0353]],

         [[-0.0475,  0.0607,  0.0621],
          [ 0.0388,  0.0303, -0.0271],
          [ 0.0412,  0.0042, -0.0041]]],


        ...,


        [[[ 0.0257, -0.0474, -0.0152],
          [-0.0568, -0.0302,  0.0595],
          [ 0.0067, -0.0210,  0.0315]],

         [[-0.0093,  0.0134,  0.0364],
          [ 0.0626, -0.0211, -0.0291],
          [-0.0163, -0.0311, -0.0456]],

         [[ 0.0236,  0.0601, -0.0257],
          [ 0.0078,  0.0392,  0.0600],
          [ 0.0376, -0.0165, -0.0073]],

         ...,

         [[ 0.0209,  0.0482,  0.0154],
          [-0.0642,  0.0507,  0.0625],
          [ 0.0608, -0.0493, -0.0246]],

         [[-0.0235,  0.0545,  0.0578],
          [ 0.0031,  0.0503,  0.0144],
          [-0.0165,  0.0261, -0.0322]],

         [[ 0.0236,  0.0346,  0.0612],
          [-0.0562, -0.0050,  0.0008],
          [ 0.0263,  0.0523,  0.0007]]],


        [[[ 0.0081, -0.0590,  0.0120],
          [-0.0070,  0.0518,  0.0047],
          [ 0.0074, -0.0153,  0.0396]],

         [[-0.0330,  0.0362,  0.0151],
          [-0.0375,  0.0472,  0.0047],
          [-0.0160,  0.0027, -0.0247]],

         [[-0.0322,  0.0385,  0.0487],
          [-0.0279,  0.0187, -0.0410],
          [-0.0286, -0.0581,  0.0310]],

         ...,

         [[-0.0095, -0.0355, -0.0423],
          [-0.0150, -0.0340,  0.0292],
          [-0.0167,  0.0509,  0.0326]],

         [[-0.0161, -0.0080, -0.0569],
          [ 0.0233, -0.0036,  0.0423],
          [-0.0549,  0.0045, -0.0306]],

         [[-0.0381, -0.0087,  0.0207],
          [ 0.0216, -0.0302, -0.0472],
          [ 0.0182, -0.0424, -0.0030]]],


        [[[ 0.1031,  0.0028,  0.0077],
          [ 0.0510,  0.0409,  0.0552],
          [ 0.0568,  0.0428,  0.0641]],

         [[-0.0345, -0.0413, -0.0330],
          [ 0.0141, -0.0439,  0.0538],
          [ 0.0403,  0.0277,  0.0131]],

         [[-0.0406,  0.0077, -0.0470],
          [-0.0486, -0.0251, -0.0239],
          [-0.0280,  0.0175, -0.0461]],

         ...,

         [[-0.0156, -0.0051,  0.0628],
          [-0.0213,  0.0067,  0.0182],
          [ 0.0507, -0.0130,  0.0321]],

         [[ 0.0302, -0.0070, -0.0113],
          [-0.0514, -0.0033, -0.0393],
          [ 0.0091, -0.0305, -0.0106]],

         [[-0.0384,  0.0184,  0.0369],
          [-0.0235, -0.0637, -0.0264],
          [ 0.0517,  0.0444, -0.0421]]]], device='cuda:0')

----------------------body.4.bias----------------------
tensor([ 0.0086,  0.0124, -0.0306, -0.0051,  0.0411,  0.0540,  0.0087, -0.0252,
         0.0095,  0.0227,  0.0213,  0.0039,  0.0487, -0.0325, -0.0476, -0.0346,
        -0.0087, -0.0317, -0.0435,  0.0207,  0.0540,  0.0258, -0.0020,  0.0017,
        -0.0332, -0.0229,  0.0184, -0.0487,  0.0531,  0.0475, -0.0409, -0.0014],
       device='cuda:0')

----------------------feature_head.weight----------------------
tensor([[[[ 0.0291,  0.0368,  0.0453],
          [ 0.0455,  0.0295,  0.0031],
          [ 0.0595,  0.0483, -0.0486]],

         [[ 0.0216,  0.0559, -0.0251],
          [-0.0133, -0.0250,  0.0157],
          [ 0.0552, -0.0064, -0.0431]],

         [[ 0.0107, -0.0058, -0.0410],
          [ 0.0541,  0.0114,  0.0081],
          [ 0.0285, -0.0221,  0.0350]],

         [[-0.0641,  0.0321,  0.0479],
          [ 0.0428, -0.0193, -0.0282],
          [-0.0478, -0.0035,  0.0154]],

         [[-0.0507,  0.0288, -0.0076],
          [-0.0123, -0.0198,  0.0447],
          [-0.0175, -0.0019, -0.0352]],

         [[-0.0468, -0.0515, -0.0135],
          [ 0.0533, -0.0219, -0.0557],
          [ 0.0401,  0.0172,  0.0138]],

         [[ 0.0446, -0.0381, -0.0589],
          [ 0.0348, -0.0228, -0.0511],
          [ 0.0564, -0.0229,  0.0217]],

         [[ 0.0064, -0.0606, -0.0302],
          [ 0.0370,  0.0167,  0.0475],
          [-0.0820, -0.1074, -0.0383]],

         [[ 0.0498, -0.0006,  0.0358],
          [ 0.0388,  0.0171,  0.0444],
          [ 0.0084,  0.0501, -0.0431]],

         [[ 0.0011,  0.0559,  0.0395],
          [ 0.0612, -0.0222,  0.0393],
          [ 0.0123,  0.0529,  0.0140]],

         [[ 0.0407, -0.0219, -0.0190],
          [ 0.0592,  0.0602,  0.0278],
          [ 0.0173, -0.0126, -0.0215]],

         [[-0.0634, -0.0153,  0.0146],
          [-0.0400, -0.0228, -0.0190],
          [-0.0668, -0.0233, -0.0665]],

         [[-0.0118,  0.0039,  0.0440],
          [ 0.0125, -0.0493, -0.0564],
          [ 0.0392, -0.0285, -0.0300]],

         [[-0.0120, -0.0196, -0.0414],
          [-0.0181, -0.0052,  0.0080],
          [ 0.0163, -0.0500, -0.0199]],

         [[-0.0235,  0.0085, -0.0114],
          [ 0.0449,  0.0468, -0.0044],
          [ 0.0047, -0.0436, -0.0175]],

         [[ 0.0144, -0.0180, -0.0562],
          [-0.0298, -0.0657, -0.0093],
          [ 0.0366, -0.0429, -0.0226]],

         [[-0.0112,  0.0467, -0.0491],
          [ 0.0313, -0.0238, -0.0206],
          [-0.0420, -0.0418,  0.0110]],

         [[-0.0082, -0.0417,  0.0350],
          [ 0.0440,  0.0517,  0.0438],
          [-0.0024, -0.0173, -0.0339]],

         [[-0.0269, -0.0477, -0.0144],
          [ 0.0245, -0.0086,  0.0212],
          [-0.0620, -0.0361,  0.0122]],

         [[-0.0281, -0.0481, -0.0072],
          [ 0.0235,  0.0466,  0.0260],
          [-0.0456, -0.0015, -0.0030]],

         [[ 0.0097, -0.0153, -0.0528],
          [ 0.0044, -0.0021,  0.0070],
          [ 0.0227, -0.0129, -0.0237]],

         [[-0.0640,  0.0049, -0.0037],
          [-0.0282, -0.0079,  0.0199],
          [ 0.0378, -0.0003,  0.0151]],

         [[ 0.0020,  0.0418, -0.0386],
          [-0.0100, -0.0592,  0.0358],
          [-0.0111, -0.0059,  0.0067]],

         [[-0.0169, -0.0060, -0.0418],
          [ 0.0030, -0.0491, -0.0587],
          [-0.0229, -0.0055,  0.0048]],

         [[-0.0583,  0.0247,  0.0540],
          [-0.0270,  0.0003, -0.0167],
          [ 0.0520,  0.0074,  0.0825]],

         [[-0.0153,  0.0026,  0.0167],
          [ 0.0413,  0.0174,  0.0435],
          [-0.0032, -0.0386,  0.0264]],

         [[-0.0226, -0.0033,  0.0371],
          [ 0.0150,  0.0323, -0.0522],
          [-0.0392,  0.0434,  0.0369]],

         [[ 0.0116,  0.0534, -0.0084],
          [ 0.0501, -0.0423, -0.0480],
          [ 0.0210, -0.0381,  0.0063]],

         [[ 0.0338,  0.0623, -0.0333],
          [-0.0292,  0.0410,  0.0132],
          [ 0.0108, -0.0104,  0.0600]],

         [[-0.0149, -0.0276,  0.0470],
          [-0.0121,  0.0327, -0.0278],
          [ 0.0097,  0.0009,  0.0318]],

         [[-0.0305, -0.0481, -0.0591],
          [-0.0381, -0.0035,  0.0080],
          [ 0.0549,  0.0287, -0.0291]],

         [[ 0.0040,  0.0319,  0.0641],
          [-0.0327,  0.0080, -0.0459],
          [-0.0223,  0.0306,  0.0128]]]], device='cuda:0')

----------------------feature_head.bias----------------------
tensor([-0.0394], device='cuda:0')

----------------------colour_head.0.weight----------------------
tensor([[[[-4.0126e-02,  4.2116e-02,  3.5763e-02],
          [-2.6992e-02, -2.9341e-02, -4.0663e-02],
          [ 4.7233e-02,  1.2948e-03,  5.2681e-02]],

         [[ 5.0869e-02, -3.5137e-02, -4.3625e-02],
          [-4.1770e-02,  4.3650e-02, -4.5836e-02],
          [-3.8076e-02,  4.4373e-02, -4.0223e-02]],

         [[-3.5667e-02, -3.5465e-02, -3.7097e-02],
          [ 6.4443e-02,  4.6500e-02,  5.5004e-02],
          [ 3.8521e-02,  2.2768e-02, -5.2989e-03]],

         [[ 6.7504e-03,  1.8517e-02,  3.9796e-02],
          [ 3.7095e-02,  5.2708e-02, -1.1671e-02],
          [ 4.7603e-02, -1.5411e-02,  2.3594e-02]],

         [[ 1.1323e-02,  3.7698e-02,  2.0069e-03],
          [-7.5482e-03, -7.2275e-03, -2.2665e-02],
          [ 3.1655e-02,  4.3180e-02,  2.5498e-02]],

         [[-2.6125e-02,  1.0198e-02, -2.3255e-02],
          [ 2.3021e-02,  3.5451e-02,  5.3413e-02],
          [ 3.9528e-02, -4.9065e-02, -3.5519e-02]],

         [[ 2.2585e-02,  5.0792e-02, -4.2308e-02],
          [-2.9992e-02,  2.6517e-02, -2.4253e-02],
          [ 4.5881e-02, -2.3191e-02,  4.0775e-02]],

         [[-1.0579e-02,  4.9312e-02, -7.5171e-04],
          [ 1.8975e-02, -4.5994e-02, -4.3988e-02],
          [-6.3183e-02, -1.5731e-02, -8.6186e-02]],

         [[-2.4627e-02,  3.7692e-03,  5.0915e-02],
          [ 1.5277e-02,  3.3279e-02, -3.8579e-02],
          [-4.1567e-02,  3.1895e-02,  2.8697e-02]],

         [[ 4.4839e-03,  4.1475e-02, -5.2684e-02],
          [ 4.2246e-02, -4.5529e-02, -4.7589e-02],
          [ 9.7298e-03,  4.2577e-02,  3.3192e-02]],

         [[ 7.4804e-03,  2.6013e-02, -3.0061e-02],
          [ 5.5239e-02,  3.5197e-02,  1.7125e-02],
          [ 5.9181e-02, -1.7030e-02, -3.6066e-02]],

         [[-3.1184e-02,  2.6908e-02, -4.9912e-02],
          [ 7.2277e-03,  5.0458e-02, -4.2613e-02],
          [ 5.8607e-04,  2.3233e-02, -3.6596e-02]],

         [[-1.0961e-02,  2.3337e-02,  3.0150e-02],
          [-5.6787e-02, -5.9858e-02,  2.5329e-02],
          [ 2.0817e-02, -1.0410e-02, -4.1034e-02]],

         [[ 5.5457e-02,  4.8058e-02, -3.4628e-02],
          [ 4.3214e-02,  3.6245e-02, -5.1731e-03],
          [-3.3115e-03, -3.3375e-02,  4.5113e-02]],

         [[ 4.4081e-02,  3.9641e-02,  5.5307e-02],
          [-5.7656e-03,  8.0965e-03,  5.7100e-02],
          [ 4.7137e-02,  2.3061e-02,  1.0432e-02]],

         [[-1.2337e-04,  1.6724e-02,  4.7101e-02],
          [ 3.9462e-02, -7.1973e-04, -2.6892e-02],
          [-5.6295e-03, -8.5737e-03,  6.5903e-02]],

         [[-4.3999e-02,  3.5290e-02,  4.1158e-02],
          [ 3.5031e-02,  1.9916e-02, -5.1329e-03],
          [-4.9393e-02,  3.0723e-02, -4.5681e-02]],

         [[-5.4901e-02, -3.9895e-02,  2.7776e-02],
          [ 5.3151e-02,  5.9926e-03, -2.7150e-02],
          [-4.7796e-02, -1.9755e-02, -5.2035e-02]],

         [[-4.0713e-03, -2.5696e-02, -3.6153e-02],
          [-4.2412e-02, -8.3532e-03, -3.5879e-02],
          [ 2.4621e-02,  9.4273e-03, -3.0222e-02]],

         [[ 2.9307e-03, -2.7410e-02, -1.7442e-02],
          [ 5.4927e-02,  5.0080e-02, -5.0833e-02],
          [-3.4102e-02,  1.8223e-02, -2.6212e-02]],

         [[ 2.5495e-02,  2.7952e-02,  3.5170e-02],
          [-1.7734e-02, -1.2125e-02,  2.8457e-02],
          [-6.3250e-02,  3.8753e-02, -4.3220e-02]],

         [[-1.0982e-02, -3.0016e-03,  2.0453e-02],
          [ 4.5805e-02, -4.8678e-02, -3.4283e-02],
          [ 1.7938e-02,  1.4246e-02, -2.8144e-02]],

         [[-3.2938e-02,  4.5345e-02,  1.1445e-02],
          [-4.0325e-02,  5.2129e-02,  3.2933e-02],
          [ 2.0972e-02, -1.3055e-02,  1.7984e-02]],

         [[ 1.4111e-02, -3.5036e-03, -5.7565e-02],
          [ 2.4590e-02, -7.9992e-03,  4.6050e-02],
          [-1.8566e-02,  1.0121e-02, -3.2263e-02]],

         [[-2.1992e-02, -9.6986e-03, -8.1001e-02],
          [ 2.2183e-02, -2.8970e-02, -6.7130e-02],
          [-1.1728e-01, -5.2235e-02,  1.3525e-02]],

         [[ 6.8409e-02,  7.1148e-02, -3.1027e-02],
          [ 1.7577e-02, -9.4088e-04, -1.8769e-02],
          [-1.0773e-02, -3.3659e-02, -4.7507e-02]],

         [[ 4.4835e-02, -3.6031e-02,  3.4211e-02],
          [-3.2448e-02, -9.0453e-03, -1.4189e-02],
          [ 4.4525e-02, -5.2684e-02,  1.2790e-03]],

         [[-2.5419e-02,  5.6110e-02,  1.1455e-03],
          [-4.3709e-03, -3.5397e-02,  4.6415e-02],
          [ 2.6519e-02,  3.6928e-02, -3.1576e-02]],

         [[-3.6160e-02,  2.3124e-02, -8.4573e-03],
          [-1.0281e-02,  4.6948e-02,  7.2292e-04],
          [ 3.2806e-02, -4.3761e-02,  1.7075e-02]],

         [[-4.7511e-02, -1.8033e-02,  2.8330e-02],
          [-3.6823e-02,  3.6185e-02,  3.5841e-02],
          [ 2.2699e-02, -5.7251e-03,  1.2608e-02]],

         [[ 1.7913e-02, -1.1918e-02, -4.4406e-02],
          [ 4.4896e-03,  3.9423e-02, -1.7874e-02],
          [ 1.9099e-02, -1.3723e-02, -1.6037e-02]],

         [[-3.8477e-02, -4.6351e-02, -9.2890e-03],
          [-2.5864e-02, -5.7167e-02,  5.1301e-02],
          [-5.2921e-02,  1.5092e-02,  2.8594e-02]]],


        [[[-6.2013e-03,  4.2830e-02, -2.4554e-02],
          [ 5.0488e-02,  2.1717e-02, -7.6733e-03],
          [-5.4854e-02,  2.0513e-02, -4.8152e-02]],

         [[ 2.4583e-02, -2.9543e-02, -3.6546e-02],
          [-6.2276e-03, -4.9549e-02, -6.6191e-03],
          [ 1.2731e-02,  2.3220e-02,  4.7698e-02]],

         [[ 3.9509e-02,  3.5058e-02, -2.9456e-02],
          [-1.5727e-02,  6.3026e-02, -2.0134e-02],
          [ 8.9906e-03,  3.5004e-02,  5.4535e-02]],

         [[ 1.9314e-02,  2.5879e-02,  6.2008e-02],
          [ 4.3747e-02, -2.0025e-02,  2.3240e-02],
          [ 7.7986e-03,  3.4430e-02, -2.3458e-02]],

         [[-1.8327e-02,  1.9033e-02,  4.3451e-02],
          [ 1.9054e-02, -3.5830e-02,  1.7064e-02],
          [-1.7702e-02,  2.0207e-02,  1.9696e-02]],

         [[ 1.3778e-02, -3.2974e-02,  4.1692e-02],
          [ 3.2571e-03,  5.2627e-02,  3.5254e-02],
          [ 2.1430e-02, -1.7516e-02,  3.8873e-02]],

         [[-2.3639e-03,  3.6017e-02, -4.4038e-03],
          [-1.2120e-03,  4.0851e-02, -3.2199e-02],
          [-2.3432e-02, -4.2013e-02,  5.0807e-02]],

         [[ 4.2229e-02,  2.1526e-02,  3.1032e-02],
          [ 1.1811e-02, -1.4540e-02, -3.9774e-02],
          [-7.1956e-03, -2.2545e-02, -1.7228e-01]],

         [[-3.1587e-02, -1.8601e-02, -6.0585e-02],
          [ 1.0765e-02, -1.9150e-03, -5.7564e-05],
          [ 2.7883e-02, -4.2027e-02, -9.1371e-03]],

         [[ 4.6134e-02,  2.8611e-02,  2.2282e-02],
          [-2.0432e-03, -1.8982e-02, -3.1043e-02],
          [-3.5200e-02,  3.8896e-02, -4.0961e-02]],

         [[ 4.8199e-02, -6.7310e-03,  1.7587e-02],
          [ 6.1183e-02,  7.0747e-03,  4.0994e-02],
          [ 2.2242e-02, -2.3917e-02, -2.4761e-02]],

         [[-5.3689e-03,  6.3244e-02, -2.8653e-02],
          [-8.6660e-03, -1.5162e-03, -2.7904e-02],
          [-1.3345e-02,  2.0249e-02,  4.3646e-02]],

         [[-2.3450e-02, -1.9152e-02, -4.6260e-02],
          [ 1.3776e-02,  8.2088e-03,  2.6864e-02],
          [ 4.8336e-02, -2.9847e-02,  4.1187e-02]],

         [[-3.5221e-02, -1.6389e-02, -5.8078e-02],
          [-5.2242e-03, -4.0525e-02, -6.4397e-02],
          [-2.8379e-02, -2.3257e-02, -4.4471e-02]],

         [[ 4.6394e-02,  5.5675e-02,  8.9512e-03],
          [-5.9218e-03, -3.6682e-02,  5.9517e-02],
          [ 1.7746e-02,  9.1932e-03, -5.4068e-03]],

         [[ 5.0160e-02,  4.6478e-02,  5.9407e-02],
          [ 4.4238e-02, -5.6819e-02, -5.5550e-02],
          [-3.4636e-02, -4.6899e-02,  4.7377e-03]],

         [[-1.7295e-02, -9.7004e-03,  2.8464e-02],
          [-1.4810e-02,  4.1283e-02,  2.2497e-02],
          [ 4.7988e-02,  3.6477e-02, -2.1510e-02]],

         [[-2.3623e-02, -8.5663e-04, -5.5367e-02],
          [-3.4478e-02, -3.3762e-02,  4.5653e-02],
          [-3.5207e-02, -3.6536e-02, -4.3637e-02]],

         [[ 4.9036e-03, -3.5457e-02, -5.3705e-02],
          [ 7.7921e-02, -2.1098e-02, -1.2654e-02],
          [ 2.9042e-02,  3.0563e-04,  4.8996e-03]],

         [[ 2.7681e-02, -2.9290e-02, -2.8026e-02],
          [-2.2435e-03, -5.9475e-02, -4.0321e-02],
          [ 3.0700e-02, -8.8920e-04, -4.3863e-02]],

         [[-4.5562e-02, -1.9804e-02,  5.6437e-02],
          [ 2.7121e-02, -4.3213e-02,  2.7548e-02],
          [-5.0058e-02,  5.8889e-02,  1.1126e-02]],

         [[-1.6956e-02,  4.2638e-02,  1.5180e-04],
          [-7.6309e-02,  2.3100e-02,  1.3095e-02],
          [-6.3904e-02, -7.0703e-04,  5.8383e-02]],

         [[ 3.3269e-02, -5.1577e-02, -3.1698e-02],
          [ 5.8132e-02,  5.6521e-02,  1.5822e-02],
          [-1.4654e-02,  6.0500e-02,  1.0992e-02]],

         [[ 4.1787e-02, -5.7957e-02, -4.0084e-02],
          [ 5.7019e-03, -1.2663e-03, -2.3277e-03],
          [-2.9635e-02,  1.9699e-02, -5.0648e-02]],

         [[-7.0784e-03, -7.1771e-02, -4.9893e-02],
          [-3.1577e-02, -4.3669e-02, -9.8661e-02],
          [-1.1272e-01, -1.6907e-03, -1.9472e-02]],

         [[ 4.1177e-02,  6.1695e-02, -1.2020e-02],
          [-4.5708e-02,  3.1766e-02,  4.0625e-02],
          [-2.7735e-02, -3.7861e-02, -1.7851e-02]],

         [[ 8.4711e-03,  1.8400e-02,  2.9750e-02],
          [ 5.1981e-02, -3.3688e-02,  4.2734e-02],
          [ 5.4790e-02, -2.3936e-02, -2.9819e-02]],

         [[ 5.1746e-02,  6.6858e-02,  1.6277e-02],
          [-3.9189e-02, -1.8018e-02, -5.4042e-02],
          [-1.2415e-02, -3.0492e-02,  5.7291e-02]],

         [[-8.1834e-03,  2.2648e-02,  3.1814e-02],
          [ 2.4641e-02,  2.6868e-02, -1.8240e-03],
          [-6.0348e-03, -4.3832e-02, -2.7634e-02]],

         [[-6.8134e-03,  5.2656e-02, -1.0128e-03],
          [ 1.9505e-02,  2.5993e-02, -5.1352e-02],
          [ 4.9871e-02,  2.1750e-02, -1.2248e-02]],

         [[-2.7572e-02, -3.5141e-02, -1.9154e-02],
          [-1.4393e-02,  4.3050e-03,  4.6901e-02],
          [-3.6578e-02, -2.8224e-02, -1.2402e-02]],

         [[-1.2416e-02,  2.2344e-02, -1.4666e-02],
          [-2.2016e-02,  3.9925e-02, -2.8880e-02],
          [-4.1248e-02,  2.0227e-02, -3.1015e-02]]],


        [[[-2.1210e-02,  5.8482e-02, -1.5271e-02],
          [-1.8077e-02,  3.2775e-02, -5.9569e-03],
          [ 5.8037e-02,  6.0128e-02,  8.0056e-03]],

         [[-6.0689e-03,  4.3527e-02,  3.8180e-02],
          [-3.3968e-02,  2.0444e-02,  1.6633e-02],
          [ 6.5318e-02, -2.7777e-02, -4.3288e-02]],

         [[-1.3706e-02, -5.5696e-02,  1.4110e-04],
          [ 4.4205e-02, -1.5594e-02,  6.4136e-02],
          [ 4.6954e-02,  5.2610e-02, -2.8085e-02]],

         [[ 4.4521e-02,  4.8472e-02,  4.4142e-02],
          [-3.3726e-02,  3.6006e-02,  2.1896e-02],
          [ 9.5353e-03,  5.7486e-02,  4.5074e-03]],

         [[-1.9637e-02, -2.9685e-02, -3.5179e-02],
          [-1.6884e-02,  5.3198e-02,  4.0323e-02],
          [ 3.3699e-02,  3.9747e-02,  2.3479e-02]],

         [[-1.3879e-02,  2.5294e-02, -1.4195e-02],
          [ 3.1149e-02,  3.8542e-02, -3.5094e-02],
          [-3.9616e-02, -5.2520e-02,  1.8486e-02]],

         [[-2.3990e-02, -6.6786e-03,  1.0216e-02],
          [ 7.9099e-03, -5.0279e-02, -6.2756e-03],
          [-1.1860e-02, -1.2972e-02, -5.9833e-02]],

         [[-3.2690e-02,  3.6340e-02,  6.2141e-02],
          [ 1.6273e-02, -3.9136e-02, -1.2405e-02],
          [-1.2530e-02, -1.0129e-01, -1.0876e-01]],

         [[ 8.5707e-03, -4.1189e-02, -4.1368e-02],
          [ 7.0041e-06, -7.4611e-03, -3.3121e-02],
          [-6.3424e-02, -1.8965e-02,  4.8778e-04]],

         [[ 7.8048e-02, -2.3784e-02,  2.0560e-03],
          [ 4.6923e-02,  2.2233e-02, -6.2982e-02],
          [-1.2907e-02, -6.2748e-02,  4.6921e-03]],

         [[-2.0518e-02, -3.6633e-02,  4.6294e-02],
          [-1.8802e-02,  2.8169e-02,  3.5874e-02],
          [ 3.0600e-02, -4.5470e-02, -3.6649e-02]],

         [[-5.1799e-02, -2.2839e-03,  7.5157e-03],
          [-4.4952e-02,  1.3898e-02, -7.7263e-02],
          [-3.5144e-02, -3.1586e-02, -1.3875e-02]],

         [[ 6.2505e-02,  6.2535e-02, -5.3013e-02],
          [ 6.2960e-03,  3.6333e-02, -4.4540e-03],
          [-1.2972e-02,  2.0194e-02,  6.1990e-02]],

         [[-1.1869e-02,  1.4669e-02,  6.7635e-04],
          [-2.8996e-02, -4.7979e-02, -2.7659e-02],
          [ 3.4159e-02, -8.1496e-03, -6.3081e-02]],

         [[ 4.4068e-02, -3.6070e-03, -1.7322e-02],
          [ 6.3683e-02, -4.0826e-02, -2.4740e-02],
          [-2.1723e-02,  1.3316e-02,  3.1669e-02]],

         [[-3.9575e-02,  2.1427e-02,  3.2291e-02],
          [-6.7729e-03, -4.8681e-02,  5.1770e-02],
          [ 5.5678e-03, -3.7679e-03,  3.7958e-02]],

         [[ 6.3105e-02,  3.3785e-02, -1.4600e-02],
          [ 4.1095e-03, -9.2076e-03,  4.0426e-02],
          [ 4.8628e-02,  3.9874e-02,  5.1422e-02]],

         [[ 4.0708e-02,  2.5288e-02, -5.7636e-02],
          [ 9.7393e-03, -2.1233e-02, -2.5585e-02],
          [ 8.9599e-03,  1.1414e-02, -4.9545e-02]],

         [[-1.0993e-02,  1.1708e-02,  3.0689e-03],
          [ 1.6043e-02,  2.6927e-02, -6.3214e-03],
          [-9.9398e-03,  2.8443e-02, -1.0267e-02]],

         [[ 4.2627e-02, -1.7406e-02, -5.6515e-02],
          [-8.5520e-03, -1.2838e-02,  3.3667e-02],
          [ 3.6370e-02,  3.9322e-03, -2.0407e-02]],

         [[ 1.7036e-03,  9.7286e-03,  6.2577e-02],
          [-2.8604e-03,  1.8430e-02,  7.0738e-03],
          [ 1.1483e-02, -5.0931e-02,  7.4258e-03]],

         [[-7.7427e-03, -4.8376e-03,  5.3545e-02],
          [ 5.7111e-03, -3.0056e-02,  5.6454e-02],
          [-6.3932e-02,  2.8228e-03,  3.8143e-02]],

         [[ 3.4459e-02,  2.4773e-02, -4.1731e-03],
          [-2.2894e-02, -3.6775e-03,  1.4136e-02],
          [-4.7344e-02,  2.7008e-02,  6.2560e-02]],

         [[-2.2181e-02,  2.0282e-02,  2.0962e-02],
          [-2.3190e-02,  3.2076e-02,  1.7328e-03],
          [ 4.5263e-02, -1.8484e-02,  4.2174e-02]],

         [[-6.1153e-02, -4.8956e-02, -1.0256e-01],
          [-9.5239e-03,  2.4327e-02, -1.5229e-02],
          [-9.5310e-02,  2.7921e-02,  5.2333e-02]],

         [[ 7.4592e-02,  2.6047e-02,  6.3595e-03],
          [-5.3315e-02, -2.2761e-02, -3.8239e-02],
          [ 3.0866e-02,  9.0509e-05, -2.7247e-02]],

         [[ 1.3705e-02,  4.9735e-02,  6.5923e-02],
          [-2.0460e-02,  3.2738e-02,  1.6185e-02],
          [-4.0431e-02,  2.7081e-02,  2.1734e-02]],

         [[-5.9066e-03,  3.8319e-02, -2.5905e-02],
          [-5.3369e-02, -4.9192e-02, -1.8558e-02],
          [-2.6509e-02, -1.9649e-02, -4.3498e-02]],

         [[ 3.1926e-02,  6.2275e-03, -3.8825e-02],
          [-4.2250e-02,  5.6817e-02, -3.6933e-02],
          [ 4.0314e-02,  1.4650e-02,  5.2316e-02]],

         [[-4.5069e-02,  3.6293e-02,  3.4920e-02],
          [ 4.8483e-03,  1.2479e-02, -3.9148e-02],
          [ 5.5130e-02,  3.8473e-02,  4.2160e-02]],

         [[-5.5778e-04, -3.7811e-02,  3.4680e-02],
          [-5.8929e-02,  3.4420e-02,  9.3882e-03],
          [ 9.6328e-03, -2.9504e-02, -1.8883e-02]],

         [[-4.0470e-02, -2.9469e-02, -1.8268e-03],
          [-6.1629e-03,  1.5345e-03, -6.8736e-02],
          [-7.0050e-03, -3.8938e-02, -8.0754e-02]]]], device='cuda:0')

----------------------colour_head.0.bias----------------------
tensor([ 0.0063, -0.0069, -0.0267], device='cuda:0')

----------------------blending_mask_head.0.weight----------------------
tensor([[[[-0.0488, -0.0326,  0.0417],
          [-0.0225, -0.0079, -0.0141],
          [-0.0432,  0.0726,  0.0460]],

         [[ 0.0461,  0.0728,  0.0749],
          [ 0.0337,  0.1307,  0.1012],
          [ 0.0932,  0.0285,  0.0188]],

         [[ 0.0257,  0.0678,  0.0003],
          [ 0.0764,  0.0365, -0.0046],
          [ 0.0418,  0.0457,  0.0134]],

         [[ 0.0207,  0.0486,  0.0240],
          [ 0.0212,  0.0006,  0.0584],
          [ 0.0476,  0.0022,  0.0417]],

         [[ 0.0542,  0.0711, -0.0176],
          [ 0.0516,  0.0553,  0.0585],
          [ 0.0455,  0.0757,  0.0181]],

         [[-0.0185, -0.0137, -0.0226],
          [-0.0370,  0.0588,  0.0330],
          [-0.0022,  0.0048,  0.0298]],

         [[ 0.0050,  0.0026, -0.0562],
          [ 0.0140, -0.0541, -0.0333],
          [ 0.0539, -0.0227, -0.0357]],

         [[ 0.0814,  0.0375,  0.0241],
          [ 0.0411, -0.0161,  0.0704],
          [-0.0885, -0.1036, -0.0507]],

         [[ 0.1916,  0.1597,  0.1381],
          [ 0.1056,  0.1430,  0.1952],
          [ 0.1867,  0.1970,  0.1882]],

         [[ 0.0780,  0.1148,  0.0527],
          [ 0.1312,  0.0910,  0.0466],
          [ 0.1099,  0.0809,  0.0233]],

         [[ 0.0369,  0.0405,  0.0304],
          [ 0.0863,  0.0529, -0.0251],
          [ 0.0420, -0.0382, -0.0117]],

         [[ 0.1430,  0.1388,  0.0767],
          [ 0.0713,  0.1446,  0.1251],
          [ 0.1945,  0.1097,  0.0842]],

         [[ 0.0518,  0.0796,  0.0922],
          [ 0.0375,  0.1371,  0.1107],
          [ 0.1441,  0.1205,  0.1378]],

         [[ 0.0183,  0.0238,  0.0252],
          [ 0.0207,  0.0420,  0.0333],
          [ 0.0162,  0.0185,  0.0117]],

         [[-0.0434,  0.0498, -0.0240],
          [ 0.0231, -0.0058, -0.0337],
          [-0.0444,  0.0480,  0.0618]],

         [[-0.0423, -0.0036, -0.0129],
          [-0.0595, -0.0589,  0.0058],
          [ 0.0016,  0.0193,  0.0436]],

         [[ 0.0051,  0.0064,  0.0347],
          [-0.0023, -0.0106, -0.0128],
          [ 0.0318,  0.0016, -0.0077]],

         [[ 0.0463,  0.0351,  0.0281],
          [ 0.0030, -0.0361,  0.0396],
          [-0.0335,  0.0448,  0.0029]],

         [[ 0.1481,  0.0728,  0.1081],
          [ 0.1288,  0.0735,  0.0736],
          [ 0.1516,  0.1464,  0.1201]],

         [[ 0.0618,  0.1559,  0.1142],
          [ 0.1004,  0.0955,  0.0525],
          [ 0.1009,  0.1720,  0.1198]],

         [[ 0.0446,  0.0421,  0.0549],
          [ 0.0794,  0.0695,  0.0198],
          [ 0.0429, -0.0148, -0.0127]],

         [[ 0.1920,  0.1238,  0.2021],
          [ 0.1970,  0.1874,  0.1695],
          [ 0.1892,  0.1635,  0.2191]],

         [[ 0.0437,  0.0467, -0.0631],
          [ 0.0344,  0.0244,  0.0204],
          [ 0.0187, -0.0451, -0.0245]],

         [[-0.0139, -0.0080,  0.0268],
          [ 0.0342, -0.0060, -0.0346],
          [ 0.0197, -0.0096, -0.0511]],

         [[ 0.0440,  0.0081, -0.0150],
          [ 0.0711,  0.1211, -0.0205],
          [ 0.0033,  0.0112, -0.0070]],

         [[ 0.0806,  0.1100,  0.0831],
          [ 0.0111, -0.0101, -0.0072],
          [-0.0104, -0.0161, -0.0165]],

         [[ 0.0641,  0.0670, -0.0398],
          [-0.0284, -0.0017,  0.0533],
          [ 0.0479, -0.0531,  0.0472]],

         [[ 0.0384,  0.0483, -0.0056],
          [-0.0446, -0.0199,  0.0246],
          [ 0.0257,  0.0332, -0.0251]],

         [[ 0.1466,  0.1786,  0.1908],
          [ 0.0840,  0.0924,  0.1904],
          [ 0.1082,  0.1401,  0.1631]],

         [[ 0.0582, -0.0043, -0.0315],
          [ 0.0311, -0.0084,  0.0669],
          [ 0.0588, -0.0343, -0.0010]],

         [[-0.0262,  0.0488, -0.0465],
          [-0.0133,  0.0610,  0.0033],
          [-0.0439,  0.0068,  0.0245]],

         [[ 0.1320,  0.1041,  0.1025],
          [ 0.1709,  0.1227,  0.0975],
          [ 0.1352,  0.1515,  0.1817]]]], device='cuda:0')

----------------------blending_mask_head.0.bias----------------------
tensor([0.1323], device='cuda:0')
