
----------------------input_conv.weight----------------------
tensor([[[[ 1.0523e-01,  1.1246e-01, -7.6901e-05],
          [ 1.2903e-01,  2.9240e-02,  5.2429e-02],
          [-1.6643e-02,  1.0140e-01,  1.1547e-01]],

         [[-5.2078e-02,  1.1610e-01,  4.3880e-02],
          [ 1.0926e-01,  6.5178e-02,  8.1494e-02],
          [ 1.8398e-02,  1.1878e-01,  3.7917e-02]],

         [[-4.4152e-02,  3.2030e-02, -4.2892e-02],
          [-2.5975e-03, -1.2556e-02,  8.0518e-02],
          [-7.1431e-02, -3.1699e-02, -2.6675e-02]],

         ...,

         [[-2.4229e-02,  5.1088e-02,  1.7797e-03],
          [ 1.0036e-01, -4.2401e-02, -4.3049e-02],
          [-4.9777e-02,  1.0780e-01,  4.9915e-02]],

         [[ 1.0776e-01, -7.4030e-02, -8.6734e-02],
          [-7.5176e-02, -5.6840e-02,  5.6574e-02],
          [ 4.3846e-02,  9.3561e-02, -4.6449e-02]],

         [[-7.4473e-02,  5.1011e-02, -4.8260e-02],
          [ 6.0647e-02, -3.0291e-02,  5.3589e-02],
          [-8.6553e-02, -5.9526e-02,  2.4844e-02]]],


        [[[-6.6743e-02, -1.3320e-01, -1.8774e-02],
          [ 3.3937e-02, -1.8125e-01, -1.2174e-01],
          [ 1.2008e-01, -6.8930e-02, -3.9369e-02]],

         [[-2.2433e-01, -1.9860e-01, -8.5913e-02],
          [-8.0364e-02, -2.0872e-01, -9.2012e-02],
          [-7.2304e-02, -1.4997e-01, -8.8000e-02]],

         [[-1.6148e-01, -1.5407e-01,  4.6228e-02],
          [ 2.3960e-02, -5.2723e-02, -1.5010e-01],
          [ 6.8531e-03, -3.3070e-02,  4.5704e-02]],

         ...,

         [[-5.8875e-02,  1.1192e-01, -5.9155e-02],
          [ 9.5855e-02,  7.4804e-02,  6.2455e-02],
          [-3.5040e-02,  1.2291e-01,  5.5471e-02]],

         [[ 7.4044e-02, -3.5276e-02,  1.0386e-01],
          [ 7.2247e-02,  3.5954e-02,  1.6453e-01],
          [ 9.7474e-02,  1.9650e-02,  2.9649e-02]],

         [[-3.6076e-03,  6.1658e-02, -2.3678e-02],
          [-5.7559e-02, -3.2132e-02, -7.4364e-02],
          [ 4.0119e-02,  8.5121e-02, -9.5132e-02]]],


        [[[ 3.9987e-02,  8.6412e-02,  5.1491e-02],
          [-1.3246e-02,  9.9007e-02,  9.7341e-02],
          [ 4.4197e-02,  2.7013e-03, -1.0876e-02]],

         [[ 3.0354e-02,  1.5878e-02,  2.9009e-03],
          [ 9.3504e-02,  1.3515e-01,  3.2529e-02],
          [-1.6188e-02,  2.4615e-02,  1.2234e-02]],

         [[ 5.4109e-02,  7.4155e-02, -5.1020e-02],
          [-3.5285e-03,  1.4271e-01,  9.4667e-02],
          [ 1.0942e-02, -3.1260e-02, -3.5859e-02]],

         ...,

         [[-4.8884e-02, -1.9348e-03, -5.3405e-02],
          [-5.7590e-02,  4.3256e-02, -1.3956e-02],
          [ 7.2560e-02, -2.4004e-02, -6.6102e-02]],

         [[-9.5117e-03, -3.6612e-02, -1.4237e-02],
          [-9.3163e-02,  6.2760e-02, -5.9842e-02],
          [ 5.4793e-02,  5.2214e-02,  8.1143e-02]],

         [[-9.4292e-02,  6.0307e-02, -6.6352e-02],
          [ 2.5113e-02,  8.3064e-02, -3.1227e-02],
          [-1.4271e-02, -3.8896e-02, -1.0273e-01]]],


        ...,


        [[[-1.6939e-02, -5.4009e-02, -3.4348e-02],
          [ 2.3747e-02,  1.1557e-01,  9.3475e-02],
          [ 7.4049e-02,  7.9185e-02,  1.3884e-01]],

         [[-5.5299e-02, -6.8943e-02, -2.9883e-02],
          [-1.0859e-01, -1.0493e-01,  1.2838e-02],
          [-5.5604e-02,  7.1158e-03,  6.2634e-03]],

         [[-7.6899e-02, -5.2355e-02, -1.3190e-01],
          [ 1.1047e-02,  6.0556e-03, -1.3627e-01],
          [-1.4763e-01, -1.2571e-01, -7.5430e-02]],

         ...,

         [[ 1.8273e-02,  7.9844e-02, -5.4391e-02],
          [-4.6541e-02,  1.1303e-02,  5.1797e-03],
          [ 7.1678e-02, -7.0084e-02, -2.7686e-02]],

         [[ 1.1260e-02, -2.0770e-02,  7.0249e-02],
          [ 3.7848e-03, -9.7195e-02, -2.3150e-04],
          [-4.0957e-02,  1.7425e-02, -1.5566e-02]],

         [[-1.2081e-01, -3.5135e-02, -2.6052e-02],
          [-4.5687e-02,  8.2016e-02, -3.7879e-02],
          [ 5.2793e-02,  1.0946e-02, -1.0464e-01]]],


        [[[ 4.6824e-02,  1.1306e-01, -5.4174e-02],
          [-5.8169e-02,  1.2836e-01,  1.0007e-01],
          [-4.7880e-02,  8.3441e-02, -8.5215e-03]],

         [[-7.7911e-02,  3.7494e-02,  5.2652e-02],
          [-1.8076e-02,  6.5051e-02, -7.1611e-02],
          [ 8.6634e-02,  1.1182e-01,  6.5415e-02]],

         [[ 5.2071e-02,  7.3220e-02, -4.6923e-02],
          [-6.4878e-03,  2.4571e-02, -3.2234e-02],
          [-6.0611e-02,  9.5487e-02,  8.4235e-02]],

         ...,

         [[ 2.8979e-02, -7.0468e-02, -7.5086e-02],
          [ 6.1099e-02,  1.0305e-01, -7.2677e-02],
          [ 4.9803e-02, -6.7591e-02,  2.2178e-02]],

         [[ 1.0930e-01,  9.4908e-02, -5.5650e-02],
          [ 7.3690e-02,  6.3855e-02,  1.6381e-02],
          [ 1.0840e-01, -3.6038e-02, -1.3457e-02]],

         [[-5.3449e-02,  1.3599e-02,  2.6113e-02],
          [ 8.4127e-03, -6.0640e-02, -4.8526e-02],
          [ 3.6450e-02, -9.2700e-02, -1.6201e-02]]],


        [[[ 1.2227e-02, -2.8493e-02,  4.2017e-02],
          [ 1.9945e-02,  9.4541e-02,  4.3759e-03],
          [-5.8128e-02,  7.6833e-02,  1.9902e-02]],

         [[-1.5577e-02, -5.5487e-02,  2.8505e-02],
          [-8.6900e-02,  4.8460e-02,  6.5893e-02],
          [-8.3367e-02, -6.6173e-02, -7.0349e-02]],

         [[ 1.0575e-01,  1.0608e-01,  1.3344e-02],
          [ 1.1495e-01, -1.1396e-02, -8.5811e-02],
          [ 4.8464e-02,  4.2515e-02,  1.1074e-01]],

         ...,

         [[-3.7660e-02, -1.8350e-02,  1.1959e-02],
          [-5.1142e-02,  2.2313e-02,  4.9963e-03],
          [ 5.3535e-02,  3.4018e-02,  8.4163e-02]],

         [[ 9.6319e-03, -6.1798e-02,  5.8380e-02],
          [-5.8515e-02, -2.3484e-03, -2.3656e-02],
          [-2.9370e-02, -3.1944e-02,  1.0042e-01]],

         [[ 5.0708e-02,  1.8547e-02,  8.7537e-02],
          [-1.0356e-01,  7.7659e-03,  5.7242e-02],
          [ 6.2946e-02, -9.1597e-02,  2.8631e-02]]]], device='cuda:0')

----------------------input_conv.bias----------------------
tensor([-0.0246,  0.0301,  0.0125, -0.0459, -0.0844, -0.0342,  0.0521,  0.0640,
        -0.0515,  0.0030,  0.0244, -0.0668,  0.0831,  0.1225,  0.0246, -0.0699],
       device='cuda:0')

----------------------body.0.weight----------------------
tensor([[[[ 0.0204,  0.0378,  0.0661],
          [-0.0451, -0.0706,  0.0411],
          [-0.0011, -0.0280, -0.0284]],

         [[-0.0427,  0.0386, -0.0467],
          [ 0.0529,  0.0535, -0.0159],
          [ 0.0047, -0.0360,  0.0070]],

         [[-0.0734,  0.0430,  0.0001],
          [ 0.0402,  0.0225,  0.0032],
          [-0.0128,  0.0575, -0.0398]],

         ...,

         [[-0.0683, -0.0037, -0.0343],
          [-0.0423,  0.0214, -0.0163],
          [-0.0222, -0.0624, -0.0371]],

         [[-0.0563,  0.0404,  0.0201],
          [ 0.0588,  0.0215,  0.0230],
          [ 0.0288,  0.0760, -0.0251]],

         [[ 0.0651,  0.0406, -0.0450],
          [ 0.0389, -0.0332, -0.0160],
          [-0.0331, -0.0434,  0.0752]]],


        [[[-0.0567,  0.0573, -0.0617],
          [ 0.0138,  0.0279,  0.0749],
          [-0.0145,  0.0421,  0.0289]],

         [[ 0.0649,  0.0205,  0.0848],
          [-0.0322, -0.0572,  0.1123],
          [-0.0001,  0.0147,  0.0376]],

         [[ 0.0940, -0.0049, -0.0654],
          [ 0.0067,  0.0759,  0.0497],
          [ 0.0871,  0.0220,  0.0678]],

         ...,

         [[ 0.0232,  0.0948,  0.0158],
          [ 0.0474,  0.0859, -0.0309],
          [-0.0242,  0.0023,  0.1029]],

         [[ 0.0686, -0.0477,  0.0202],
          [-0.0325, -0.0246,  0.0805],
          [ 0.0449, -0.0136,  0.0172]],

         [[ 0.0156,  0.0170, -0.0371],
          [-0.0479,  0.0527,  0.0019],
          [ 0.0317, -0.0339,  0.0343]]],


        [[[ 0.0591,  0.0679,  0.0296],
          [ 0.0822, -0.0013,  0.0099],
          [ 0.0665,  0.0571, -0.0411]],

         [[ 0.0553,  0.0145, -0.0284],
          [ 0.0615, -0.0606,  0.0405],
          [ 0.0878, -0.0406, -0.0327]],

         [[-0.0564,  0.0123, -0.0645],
          [-0.0177,  0.0303,  0.0697],
          [ 0.0255,  0.0316,  0.0259]],

         ...,

         [[-0.0693,  0.0222,  0.0665],
          [-0.0873,  0.0444,  0.0085],
          [ 0.0145,  0.0729,  0.0758]],

         [[ 0.0424,  0.0719,  0.0471],
          [ 0.0160, -0.0751,  0.0192],
          [-0.0646,  0.0177,  0.0131]],

         [[-0.0022, -0.0526, -0.0489],
          [ 0.0586,  0.0426,  0.0318],
          [-0.0397, -0.0318, -0.0334]]],


        ...,


        [[[ 0.0902, -0.0474,  0.0981],
          [-0.0615,  0.0026, -0.0139],
          [-0.0493,  0.0360,  0.0602]],

         [[-0.0486, -0.0676, -0.0020],
          [-0.0014, -0.0074, -0.0007],
          [ 0.0017, -0.0389,  0.0196]],

         [[-0.0409, -0.0316, -0.0114],
          [-0.0564,  0.0985,  0.0654],
          [-0.0078,  0.0034, -0.0420]],

         ...,

         [[ 0.0795,  0.0534, -0.0121],
          [-0.0410, -0.0775,  0.0707],
          [-0.0259, -0.0074, -0.0620]],

         [[-0.0488,  0.0405,  0.0069],
          [ 0.0142,  0.0148,  0.0259],
          [-0.0141,  0.0080,  0.0533]],

         [[ 0.0612,  0.0824, -0.0564],
          [-0.0718,  0.0007, -0.0011],
          [ 0.0344,  0.0795,  0.0274]]],


        [[[-0.0488,  0.0046,  0.0650],
          [ 0.0263, -0.0523,  0.0147],
          [-0.0885, -0.0289,  0.0616]],

         [[-0.0345,  0.0047, -0.1135],
          [ 0.0661,  0.0039, -0.0018],
          [ 0.0416, -0.0048, -0.0644]],

         [[-0.0239, -0.0174,  0.1155],
          [-0.0150,  0.0380, -0.0312],
          [ 0.0319, -0.0019, -0.0309]],

         ...,

         [[ 0.0540,  0.0353, -0.0768],
          [ 0.0043,  0.0403, -0.0027],
          [ 0.0181, -0.0121,  0.1108]],

         [[-0.0509, -0.0405,  0.0842],
          [-0.0433,  0.0671, -0.0256],
          [-0.0076, -0.0310,  0.0789]],

         [[ 0.0700,  0.0267,  0.0167],
          [-0.0252, -0.0314, -0.0161],
          [ 0.0200, -0.0125,  0.0508]]],


        [[[ 0.0116, -0.0016, -0.0534],
          [ 0.0327, -0.0700,  0.0118],
          [ 0.0171,  0.0035,  0.0398]],

         [[ 0.0053, -0.0348, -0.0483],
          [-0.0699,  0.0347,  0.0480],
          [-0.0526,  0.0270, -0.0133]],

         [[ 0.0749, -0.0115,  0.0730],
          [ 0.0847,  0.0839,  0.0629],
          [ 0.0245,  0.0324, -0.0604]],

         ...,

         [[-0.0332, -0.0617,  0.0156],
          [ 0.0283, -0.0201,  0.0529],
          [-0.0024, -0.0295, -0.0708]],

         [[ 0.0376, -0.0663,  0.0022],
          [ 0.0166, -0.0359,  0.0253],
          [ 0.0139,  0.0539,  0.0480]],

         [[-0.0605, -0.0601, -0.0398],
          [-0.0538,  0.0340, -0.0582],
          [-0.0597,  0.0229,  0.0369]]]], device='cuda:0')

----------------------body.0.bias----------------------
tensor([-0.0279, -0.0589,  0.0047,  0.0426,  0.0806,  0.0216,  0.0570, -0.0633,
         0.0823, -0.0079, -0.0432,  0.0667, -0.0008,  0.0507, -0.0311,  0.0614],
       device='cuda:0')

----------------------feature_head.weight----------------------
tensor([[[[ 0.0941,  0.0409,  0.0913],
          [-0.0084,  0.0293,  0.0608],
          [ 0.1004, -0.0012,  0.0680]],

         [[-0.0174, -0.0360,  0.0184],
          [-0.0390, -0.0552,  0.0351],
          [ 0.0569,  0.0543, -0.0027]],

         [[-0.0487, -0.0538,  0.0869],
          [-0.0612,  0.0385,  0.0793],
          [ 0.0901, -0.0239, -0.0043]],

         [[-0.0654,  0.0509, -0.0848],
          [-0.0810, -0.0564,  0.0661],
          [ 0.0631,  0.0674,  0.0733]],

         [[-0.0776, -0.0846, -0.0906],
          [-0.0128, -0.0068, -0.0232],
          [-0.1082, -0.0354, -0.0868]],

         [[-0.0501, -0.0464, -0.0293],
          [-0.0905,  0.0519, -0.0564],
          [ 0.0141,  0.0444,  0.0153]],

         [[ 0.0551,  0.0382,  0.0472],
          [ 0.0191,  0.0493, -0.0419],
          [-0.0279,  0.0509,  0.0251]],

         [[ 0.0074, -0.0610,  0.0406],
          [ 0.0623,  0.0109,  0.0484],
          [ 0.0876, -0.0284,  0.0447]],

         [[-0.0531, -0.0656,  0.0271],
          [ 0.0635, -0.0054,  0.0288],
          [-0.0704, -0.0014, -0.0323]],

         [[-0.0548,  0.0098,  0.0160],
          [-0.0034,  0.0321,  0.0317],
          [ 0.0747,  0.0021, -0.0048]],

         [[ 0.0043,  0.0140, -0.0493],
          [ 0.0142, -0.0483, -0.0371],
          [-0.0272,  0.0978, -0.0235]],

         [[-0.0329, -0.0171,  0.0467],
          [ 0.0197, -0.0789,  0.0556],
          [-0.1014, -0.0155,  0.0424]],

         [[ 0.0537, -0.0381, -0.0754],
          [ 0.0385,  0.0654, -0.0459],
          [ 0.0060, -0.0372,  0.0340]],

         [[ 0.0197,  0.0355, -0.0292],
          [-0.0670, -0.0283, -0.0571],
          [ 0.0048,  0.0428, -0.0631]],

         [[ 0.0151, -0.0680, -0.0495],
          [-0.0313, -0.0082, -0.0240],
          [ 0.0423,  0.0736,  0.0772]],

         [[ 0.0050, -0.0233, -0.0392],
          [ 0.0470, -0.0583,  0.0352],
          [-0.0925, -0.0767, -0.0094]]]], device='cuda:0')

----------------------feature_head.bias----------------------
tensor([-0.0854], device='cuda:0')

----------------------colour_head.0.weight----------------------
tensor([[[[-1.6869e-02,  6.2390e-02,  2.2587e-02],
          [ 6.3512e-02, -4.1356e-02, -5.4508e-02],
          [-2.8720e-02, -3.3000e-02, -5.8597e-02]],

         [[ 2.0331e-02,  1.0585e-01, -1.6610e-02],
          [ 6.8236e-02,  6.3625e-02,  7.2660e-02],
          [ 3.1372e-02, -2.2862e-02,  4.8367e-02]],

         [[-4.1205e-02, -5.0496e-02,  7.5912e-02],
          [ 6.4905e-02, -5.3667e-02,  7.3458e-02],
          [ 1.0785e-02,  2.0924e-02,  8.1945e-02]],

         [[-1.5994e-02, -3.7598e-02,  4.5419e-02],
          [-2.3173e-02, -2.2887e-02, -3.1179e-02],
          [ 8.6405e-02,  4.5620e-02, -7.8548e-03]],

         [[-6.1039e-03, -2.4484e-04, -5.3616e-02],
          [ 1.3988e-02, -7.6822e-02, -1.3593e-02],
          [-2.0535e-02, -3.7585e-02,  7.3340e-02]],

         [[ 1.2819e-02,  4.5789e-02, -4.6015e-02],
          [ 1.6434e-02,  4.0547e-02,  5.9661e-02],
          [-3.3115e-02, -1.8769e-02, -6.6913e-02]],

         [[ 4.1870e-02,  5.0968e-02,  3.5361e-02],
          [ 3.1133e-02,  4.9569e-02,  7.5722e-02],
          [ 2.3197e-02,  2.9727e-02,  2.2768e-02]],

         [[-6.3567e-02,  1.2475e-02,  2.6535e-02],
          [-6.6921e-02, -3.1739e-03, -2.6394e-02],
          [-3.5029e-02,  9.1597e-02,  8.7664e-02]],

         [[-2.9640e-02,  1.1264e-02, -3.5108e-02],
          [ 4.3700e-03, -2.6321e-02, -5.7186e-02],
          [-5.2752e-02,  6.6176e-02, -1.0518e-02]],

         [[-3.9962e-02,  1.6293e-02, -7.8795e-02],
          [ 4.3316e-03,  6.7669e-02,  9.9676e-03],
          [ 2.1398e-02, -7.5123e-02, -1.4814e-02]],

         [[ 6.4969e-02, -3.9454e-02, -2.3407e-02],
          [ 8.3712e-02,  5.8540e-02,  5.9904e-02],
          [-5.5260e-02,  7.7259e-02, -2.3608e-03]],

         [[ 2.4314e-02,  7.2773e-02, -7.6077e-02],
          [ 2.3771e-02, -8.0953e-02,  5.0572e-02],
          [ 2.0787e-02, -3.7042e-03, -5.0064e-02]],

         [[ 1.6815e-02, -4.7871e-02,  1.0832e-02],
          [ 7.2737e-02, -3.8530e-02, -7.1739e-03],
          [ 2.5180e-02,  2.9359e-02,  1.2348e-02]],

         [[ 5.5639e-02, -2.4344e-02,  1.3397e-02],
          [ 4.0805e-02, -7.5666e-03,  4.9336e-02],
          [ 4.2126e-02,  3.3300e-02, -3.4357e-02]],

         [[ 6.5991e-02, -4.9839e-02,  1.9124e-02],
          [ 3.6313e-02,  6.9621e-02, -6.7834e-02],
          [ 2.8366e-02, -3.9757e-02,  4.1300e-02]],

         [[ 5.6102e-06, -7.5004e-02, -1.5390e-02],
          [ 7.3771e-03,  2.5037e-02,  6.7355e-02],
          [ 1.9055e-02, -5.6211e-03,  2.5849e-02]]],


        [[[-5.9594e-02,  7.3705e-02, -3.5452e-03],
          [ 6.5788e-02,  4.6045e-02,  5.2298e-05],
          [ 7.4769e-02, -2.8259e-02,  3.3057e-02]],

         [[ 5.5532e-02, -1.0154e-02,  3.7956e-02],
          [-6.2459e-02, -2.0609e-02,  5.5936e-02],
          [ 4.9945e-02, -7.2287e-02,  3.6848e-02]],

         [[ 2.7078e-02,  9.9652e-02, -6.7209e-02],
          [-1.8141e-03, -2.7645e-02, -3.5781e-02],
          [ 8.7284e-04, -5.5521e-02,  8.2241e-02]],

         [[-2.0936e-02,  3.9988e-02, -3.4744e-02],
          [ 1.2598e-02, -4.9643e-02,  7.2382e-02],
          [ 8.4833e-02,  7.8460e-02, -1.9695e-02]],

         [[ 5.1360e-02, -6.7751e-02,  4.1976e-02],
          [-1.0946e-02, -7.0664e-02, -6.4803e-02],
          [-7.2954e-02,  1.9828e-02, -2.3339e-02]],

         [[-2.7131e-02,  9.4533e-02, -1.6910e-02],
          [ 4.0000e-02,  9.3629e-03,  6.4697e-02],
          [ 2.0651e-02,  5.5986e-02,  2.1624e-02]],

         [[ 7.0919e-03,  9.3677e-02,  8.6965e-03],
          [-3.4686e-02,  4.3040e-02,  1.2302e-03],
          [-4.3458e-02,  3.0722e-02, -9.9602e-03]],

         [[-1.6423e-02, -1.6043e-02, -7.9151e-03],
          [-2.0711e-02,  3.3366e-02,  1.0183e-01],
          [-2.2038e-02,  7.8831e-03, -2.2769e-02]],

         [[ 1.4683e-02,  2.1382e-02, -5.0047e-02],
          [ 5.5316e-02, -6.3484e-02,  7.9211e-02],
          [ 2.6344e-02, -2.4173e-03, -3.0325e-02]],

         [[ 3.4623e-02,  5.5596e-02, -6.1560e-02],
          [-1.9222e-02,  6.1691e-02, -2.0199e-02],
          [-5.5478e-02, -2.4399e-02,  4.8619e-03]],

         [[ 1.8477e-03, -4.6047e-02, -5.2821e-02],
          [ 4.7809e-02,  7.9991e-02,  7.8102e-02],
          [ 7.0221e-03,  4.5620e-02, -6.7823e-02]],

         [[ 5.4835e-02,  8.6701e-02,  4.3384e-02],
          [-2.5327e-02,  7.0028e-02, -7.7340e-02],
          [-1.4903e-03, -1.9108e-02, -8.1239e-02]],

         [[-2.4320e-02, -4.1010e-02,  2.6777e-02],
          [ 2.7097e-02,  7.4106e-02,  1.4207e-05],
          [ 9.3339e-02,  3.7312e-02,  7.9618e-02]],

         [[ 8.1211e-02, -5.6086e-02, -4.4878e-02],
          [ 7.0772e-02,  1.0151e-01, -6.3291e-02],
          [ 1.5735e-02, -1.5529e-02,  7.7622e-02]],

         [[ 7.3610e-02,  6.4143e-02,  4.9758e-02],
          [ 1.4658e-02,  8.8778e-02, -3.9484e-02],
          [ 2.5234e-02, -6.3029e-03, -5.8051e-02]],

         [[-2.3346e-02,  3.9925e-02,  3.7987e-03],
          [-4.0890e-02,  1.3196e-02,  2.4442e-02],
          [-4.4866e-02,  5.8902e-02, -6.0593e-02]]],


        [[[ 1.6961e-02, -3.8662e-02, -5.7731e-02],
          [ 1.9334e-03,  9.4340e-02,  8.8132e-02],
          [ 2.5219e-02,  6.4641e-02, -4.2852e-02]],

         [[ 5.6615e-02,  6.1666e-02, -7.1422e-02],
          [-5.5553e-02,  4.8974e-02,  1.8828e-02],
          [-5.9170e-02, -6.8193e-02,  6.3276e-02]],

         [[ 1.7364e-02,  1.6349e-02, -6.2680e-02],
          [ 8.1527e-02, -3.7125e-02,  5.4304e-02],
          [-4.0635e-03,  1.6538e-02,  5.6159e-02]],

         [[-1.7539e-02, -2.0144e-02,  7.3201e-02],
          [-5.3025e-02,  4.2210e-02, -1.6031e-02],
          [-1.3424e-02,  6.6616e-02,  2.0666e-02]],

         [[-6.8957e-02,  8.3379e-02, -3.0097e-02],
          [ 7.6072e-02, -2.3482e-02,  8.6951e-02],
          [ 3.1679e-02,  2.0575e-03,  3.9363e-02]],

         [[-6.1591e-03, -3.5769e-02,  5.2353e-02],
          [ 5.5246e-02,  1.4290e-03,  9.1955e-02],
          [-2.6163e-03, -4.5578e-02, -4.2596e-02]],

         [[ 6.9072e-02, -1.5302e-02,  6.5134e-02],
          [-6.8126e-02,  2.2715e-02, -4.2861e-02],
          [ 4.4539e-02,  8.7822e-02,  4.6155e-02]],

         [[-4.8155e-02, -7.6952e-02, -2.8332e-02],
          [-6.3669e-02,  8.1939e-02, -2.8087e-02],
          [ 2.5157e-02,  8.0590e-02,  4.7947e-02]],

         [[-4.7900e-02,  1.7632e-02, -8.0936e-03],
          [ 8.1351e-02,  2.0250e-02,  1.4275e-02],
          [ 9.5168e-02,  4.2557e-02,  5.1542e-02]],

         [[-2.6220e-02,  5.4080e-02,  7.4027e-03],
          [-2.0746e-02,  1.2748e-02, -7.2169e-02],
          [-6.9172e-03,  2.7820e-02, -8.7680e-02]],

         [[-3.5542e-02,  6.0034e-02, -2.7527e-03],
          [ 1.3665e-02,  2.9274e-02, -3.3106e-02],
          [ 7.0926e-02, -1.1600e-04, -3.1589e-02]],

         [[ 6.4278e-02, -5.4835e-02, -9.9352e-03],
          [ 2.1451e-02, -1.9340e-02,  4.5939e-02],
          [-6.4749e-02, -2.4067e-02, -3.8370e-02]],

         [[ 9.5032e-02,  6.2020e-02, -4.3406e-02],
          [ 6.9602e-02,  4.8304e-02,  1.1285e-01],
          [ 7.7515e-02, -6.3169e-03,  1.0493e-01]],

         [[ 6.8739e-04,  2.5099e-03,  3.1346e-02],
          [ 1.0384e-01,  5.4376e-02, -6.7966e-02],
          [-1.9127e-02,  9.2543e-02, -2.5299e-02]],

         [[-2.1725e-02, -4.8486e-02, -3.7604e-02],
          [-1.6064e-02,  4.2312e-02,  3.8707e-02],
          [ 9.5025e-02,  6.9604e-02,  4.0172e-03]],

         [[ 6.1776e-02,  7.6351e-02, -4.5350e-02],
          [ 5.6687e-02, -3.1685e-02,  8.6902e-02],
          [-2.5703e-02,  2.8072e-02,  1.6252e-02]]]], device='cuda:0')

----------------------colour_head.0.bias----------------------
tensor([ 0.0316,  0.0184, -0.0521], device='cuda:0')

----------------------blending_mask_head.0.weight----------------------
tensor([[[[ 0.0550,  0.0769, -0.0394],
          [-0.0364, -0.0329, -0.0396],
          [-0.0096,  0.0042, -0.0139]],

         [[ 0.0200,  0.0888,  0.0302],
          [-0.0065,  0.0154, -0.0216],
          [ 0.0059, -0.0492,  0.0436]],

         [[-0.0516,  0.0467,  0.0708],
          [-0.0475, -0.0225, -0.0461],
          [ 0.0375,  0.0354, -0.0245]],

         [[ 0.0430,  0.0303, -0.0731],
          [-0.0018, -0.0371, -0.0132],
          [ 0.0568, -0.0029, -0.0557]],

         [[ 0.1857,  0.0550,  0.1028],
          [ 0.1602,  0.2021,  0.2101],
          [ 0.1088,  0.1578,  0.0557]],

         [[ 0.0185,  0.0169,  0.0633],
          [-0.0168,  0.0668,  0.0853],
          [ 0.0934,  0.0207,  0.1113]],

         [[-0.0675, -0.0183,  0.0347],
          [ 0.0349,  0.0503, -0.0505],
          [ 0.0655, -0.0630, -0.0534]],

         [[-0.0540, -0.1032, -0.0872],
          [-0.0983,  0.0692,  0.0343],
          [-0.0494,  0.0086, -0.0630]],

         [[-0.0607, -0.0429, -0.0739],
          [ 0.0774, -0.0128, -0.0132],
          [-0.0527,  0.0295, -0.0043]],

         [[ 0.1139,  0.2303,  0.2411],
          [ 0.1143,  0.2239,  0.1602],
          [ 0.1672,  0.2086,  0.1545]],

         [[ 0.0985,  0.0783, -0.0369],
          [-0.0194, -0.0464,  0.0476],
          [-0.0406, -0.0438, -0.0381]],

         [[ 0.0371,  0.0495,  0.1857],
          [ 0.1585,  0.1873,  0.0685],
          [ 0.0763,  0.0769,  0.1045]],

         [[ 0.0010,  0.0660, -0.0090],
          [ 0.0774,  0.1468,  0.0650],
          [ 0.1174,  0.0054,  0.0338]],

         [[-0.0470, -0.0074, -0.0464],
          [-0.0321, -0.0642, -0.0421],
          [ 0.0171, -0.0089, -0.0943]],

         [[ 0.0765,  0.0733, -0.0308],
          [ 0.0328,  0.0764, -0.0625],
          [-0.0528,  0.0622,  0.0091]],

         [[ 0.0578,  0.0065,  0.0402],
          [ 0.0884,  0.0174, -0.0022],
          [-0.0506,  0.0049,  0.0717]]]], device='cuda:0')

----------------------blending_mask_head.0.bias----------------------
tensor([0.0063], device='cuda:0')
