
----------------------input_conv.weight----------------------
tensor([[[[ 1.0135e-01,  1.1269e-01, -1.0330e-02],
          [ 1.2515e-01,  3.2241e-02,  6.2235e-02],
          [-4.1854e-02,  7.8632e-02,  9.8132e-02]],

         [[-5.1688e-02,  1.0041e-01,  3.8307e-02],
          [ 9.5311e-02,  4.7274e-02,  8.5163e-02],
          [-6.6189e-03,  8.9352e-02,  3.4495e-02]],

         [[-4.8893e-02, -3.5945e-03, -6.1652e-02],
          [-2.1727e-02, -5.8178e-02,  5.6314e-02],
          [-1.0425e-01, -7.9433e-02, -5.0076e-02]],

         ...,

         [[-3.1875e-02,  7.9504e-02, -2.0174e-02],
          [ 5.9746e-02, -1.0460e-02,  4.8101e-02],
          [-4.7451e-02, -3.6363e-02,  8.1628e-03]],

         [[ 1.8136e-02, -2.6740e-02,  5.5151e-02],
          [ 6.3208e-02, -7.1986e-02, -5.3577e-02],
          [ 8.5903e-02, -3.4675e-02, -3.6319e-02]],

         [[-4.9872e-02, -1.1870e-02,  6.7273e-02],
          [ 3.0534e-02, -2.6614e-02,  4.5492e-02],
          [-2.2495e-02, -3.8402e-02, -9.7526e-03]]],


        [[[-4.5473e-02, -5.3020e-02,  2.1193e-01],
          [ 1.4592e-02, -2.0995e-03, -6.6914e-02],
          [-2.6966e-02, -8.3330e-02,  3.0379e-02]],

         [[-4.9459e-02, -3.0386e-02,  5.4957e-02],
          [-3.4196e-05, -5.4734e-02,  2.3883e-02],
          [-2.4335e-02, -9.5168e-02, -2.1203e-02]],

         [[-3.7037e-03, -6.4401e-02,  1.8802e-01],
          [-2.7733e-02,  5.4983e-02,  4.7314e-02],
          [-4.4322e-02,  2.8609e-02, -2.6147e-03]],

         ...,

         [[-6.8592e-03, -3.6310e-02, -1.3673e-02],
          [ 3.6498e-02,  4.7400e-02, -1.7520e-02],
          [-1.3098e-02,  2.0247e-03,  1.9712e-02]],

         [[ 2.5744e-02,  2.9576e-02, -8.4787e-02],
          [-3.2900e-02,  8.3644e-02,  4.0096e-02],
          [-2.1752e-03, -5.5404e-02, -5.6260e-02]],

         [[-7.6043e-02, -2.1214e-02,  4.2648e-02],
          [ 7.1507e-02,  5.4579e-02, -7.4906e-02],
          [-4.7714e-02, -5.0337e-03,  1.0324e-01]]],


        [[[ 8.3847e-02,  3.4878e-02,  1.3235e-01],
          [ 5.7774e-02, -6.6839e-03,  1.5672e-01],
          [ 5.7459e-02,  5.4235e-02, -1.6996e-02]],

         [[ 5.7574e-02,  3.3307e-02,  3.1602e-02],
          [-4.9599e-02, -1.6911e-01, -1.0056e-01],
          [ 1.2674e-01,  2.7055e-02,  4.6833e-02]],

         [[-5.7673e-02, -1.3488e-01, -1.3419e-01],
          [-2.3806e-01, -4.9971e-01, -4.1810e-01],
          [ 3.5180e-02, -2.5587e-01, -2.1493e-01]],

         ...,

         [[ 2.0961e-02,  1.1151e-02,  4.9551e-03],
          [ 1.4610e-02,  3.3330e-03, -5.3791e-02],
          [-1.0046e-02, -4.0628e-02,  6.2373e-02]],

         [[-5.4737e-02,  9.2682e-03, -4.9616e-02],
          [-8.4099e-03,  7.3481e-02,  2.8104e-02],
          [-9.9618e-02,  2.1962e-02,  7.5111e-02]],

         [[ 8.5767e-04,  4.0054e-02,  7.0410e-02],
          [-3.9202e-02, -4.4855e-03, -9.1337e-02],
          [-4.4287e-02,  4.6805e-02,  2.4872e-02]]],


        ...,


        [[[ 8.0973e-02, -4.8333e-02, -5.1308e-03],
          [-3.5347e-02,  4.8810e-02, -2.0972e-02],
          [ 4.1779e-02,  1.2318e-02, -5.5169e-02]],

         [[-4.7042e-02, -7.5681e-02, -3.8686e-02],
          [ 4.8910e-02,  3.2451e-02,  9.7742e-02],
          [-7.1525e-02,  1.2631e-02, -7.1831e-02]],

         [[ 5.1936e-02,  9.5634e-02, -3.0309e-02],
          [ 1.5213e-01,  5.3496e-02,  1.6201e-01],
          [ 3.3429e-02,  1.1512e-01,  1.4040e-01]],

         ...,

         [[-2.9906e-02,  4.8771e-02,  5.2512e-02],
          [ 4.2923e-02,  5.3226e-02, -5.8706e-02],
          [-2.8536e-02, -5.7135e-02,  3.3581e-02]],

         [[ 3.8450e-02, -5.9859e-02,  2.3827e-03],
          [-6.3998e-02, -7.6090e-02,  1.0219e-01],
          [-3.3933e-02,  5.7418e-02, -6.9576e-03]],

         [[-3.0204e-02, -1.0781e-02,  6.4330e-02],
          [-2.4030e-02,  6.8905e-02,  4.5583e-02],
          [ 5.5293e-02, -9.7989e-02, -5.5713e-02]]],


        [[[-8.1293e-02, -1.2181e-02, -3.1890e-02],
          [ 3.4572e-02,  1.5589e-01,  5.3798e-02],
          [-9.7942e-02, -1.2619e-01, -4.9963e-03]],

         [[ 8.8891e-02,  1.1816e-01,  2.0052e-03],
          [ 7.7364e-02,  1.6144e-01, -7.7389e-03],
          [ 1.3377e-01,  7.8567e-02, -6.2822e-02]],

         [[-3.1850e-02, -2.3234e-02, -3.0509e-02],
          [-1.9170e-02,  1.1404e-01, -1.5360e-01],
          [-6.4902e-02, -1.4588e-01, -1.0578e-01]],

         ...,

         [[ 9.9168e-03, -5.5347e-02,  1.7884e-02],
          [ 6.5334e-03, -1.7478e-02, -1.2639e-02],
          [-5.0327e-02,  1.0039e-01, -2.8719e-02]],

         [[ 1.0264e-01, -6.2450e-02, -1.0154e-02],
          [-2.6228e-02, -3.8312e-02,  4.7403e-02],
          [ 6.8964e-02, -5.0018e-02, -3.1625e-02]],

         [[ 5.4188e-02, -6.5593e-03,  2.8507e-02],
          [ 5.5384e-02, -3.0496e-02, -4.8330e-02],
          [ 4.0492e-02, -3.0165e-02, -5.8979e-02]]],


        [[[-5.0582e-02, -4.4164e-02,  9.6865e-02],
          [ 1.3519e-02,  2.1660e-02, -2.5692e-03],
          [-6.9770e-02,  4.5289e-02, -3.6200e-02]],

         [[ 5.4860e-03,  1.0706e-01, -2.5131e-02],
          [ 5.5629e-02, -5.3756e-02,  7.4549e-02],
          [ 5.0483e-02, -7.1881e-02,  6.4288e-02]],

         [[ 5.6790e-02, -7.4781e-04,  1.1433e-01],
          [ 1.1393e-01,  1.1238e-01,  2.7878e-02],
          [-1.4553e-02, -3.7562e-03,  8.2580e-02]],

         ...,

         [[-8.2985e-02,  4.0396e-02, -6.3023e-02],
          [ 4.5393e-02,  1.2461e-02,  9.0329e-02],
          [-7.0915e-02,  5.7370e-02, -6.4136e-02]],

         [[-4.8641e-02,  3.9899e-02, -1.2898e-02],
          [-7.2674e-02, -7.8580e-02, -2.1683e-02],
          [ 2.9941e-02,  8.7818e-02,  7.4068e-02]],

         [[ 2.7698e-02, -3.2903e-02, -5.9669e-02],
          [ 1.1209e-01, -2.7529e-02,  9.1978e-03],
          [-5.1524e-02, -4.0391e-02,  4.4792e-02]]]], device='cuda:0')

----------------------input_conv.bias----------------------
tensor([ 0.0024,  0.0165,  0.0210,  0.0109, -0.1457,  0.0054,  0.0102,  0.0580,
         0.0808, -0.1657, -0.0434,  0.0220,  0.0158,  0.0545,  0.0849,  0.0385,
        -0.0036,  0.0079,  0.0476,  0.0419, -0.1430,  0.0225, -0.0042,  0.0091,
         0.0701, -0.0077,  0.0393, -0.0981,  0.0723,  0.0534,  0.0655,  0.0207],
       device='cuda:0')

----------------------body.0.weight----------------------
tensor([[[[ 9.0687e-03, -1.9034e-02, -1.4930e-02],
          [-3.4350e-02,  7.5938e-02, -2.8374e-03],
          [ 5.6904e-03, -4.8327e-02,  2.4619e-02]],

         [[-2.0384e-02, -3.3129e-02,  1.5534e-02],
          [-5.5388e-02, -6.0006e-03, -3.9777e-02],
          [ 2.5345e-02, -4.2870e-02, -1.4043e-02]],

         [[ 4.9529e-02,  3.1970e-03,  2.1920e-02],
          [ 4.8186e-02,  2.8238e-02,  3.8406e-02],
          [-2.3359e-02,  4.7960e-02,  3.1502e-02]],

         ...,

         [[ 3.8956e-02,  3.4402e-02, -4.4854e-02],
          [-4.6644e-02, -2.5118e-02, -4.4467e-02],
          [ 8.0420e-03, -4.5573e-02, -4.7069e-02]],

         [[-1.0045e-02,  3.2161e-02, -2.2207e-02],
          [-5.2142e-02,  1.3053e-02,  5.4200e-02],
          [ 3.5321e-02,  2.6542e-02,  5.2424e-02]],

         [[-4.7037e-02,  5.5224e-02, -3.7776e-02],
          [-3.2817e-02,  4.8699e-02, -6.6168e-03],
          [ 3.2218e-02, -3.7213e-02,  4.7979e-02]]],


        [[[ 5.1176e-02,  1.1378e-02,  3.8997e-02],
          [-3.3395e-02, -1.8362e-02,  1.2129e-02],
          [ 3.2356e-02, -4.2624e-02,  2.3005e-02]],

         [[-1.4711e-02, -1.6166e-02,  3.0234e-02],
          [-2.4533e-02, -4.5928e-02,  3.2718e-02],
          [ 2.8266e-02,  2.5272e-02,  3.4945e-03]],

         [[-4.8393e-02, -6.2025e-02,  3.1873e-02],
          [-6.6067e-02,  1.2829e-02,  2.5889e-02],
          [ 3.2596e-02, -2.3086e-02, -1.4018e-02]],

         ...,

         [[ 1.1888e-02,  6.0101e-02, -9.5853e-03],
          [ 3.1196e-02,  4.5206e-02,  1.0730e-03],
          [ 4.8260e-02,  4.6577e-02,  2.8705e-02]],

         [[-1.2852e-02,  6.1072e-02, -2.8435e-02],
          [ 9.8505e-03,  2.2473e-02,  5.0841e-02],
          [-3.5167e-02,  3.3184e-02, -1.7256e-02]],

         [[ 2.4422e-02,  1.2578e-02, -4.8906e-02],
          [-8.9909e-05,  1.7267e-02,  2.7382e-02],
          [ 5.2315e-02,  2.8960e-02,  1.3348e-02]]],


        [[[ 3.7593e-02, -4.1865e-02,  4.7127e-02],
          [-5.2699e-05,  4.8242e-02,  2.9006e-02],
          [-6.4740e-03,  4.5259e-02, -3.4162e-02]],

         [[ 1.1257e-02,  2.0046e-02, -1.4108e-02],
          [ 1.7699e-02, -6.0877e-02, -2.1233e-02],
          [ 2.8515e-02,  1.5078e-02, -4.6367e-02]],

         [[-1.3016e-02, -4.5029e-02,  1.7892e-02],
          [-7.5605e-02, -5.5435e-02, -4.2532e-02],
          [-5.3074e-02, -4.4856e-02, -6.2288e-02]],

         ...,

         [[ 5.4041e-02, -4.7246e-03, -1.2501e-02],
          [ 1.8051e-02,  6.4556e-02,  2.3019e-02],
          [-6.2142e-02, -2.2194e-02,  5.2700e-02]],

         [[-2.7601e-02, -3.4623e-02, -5.4009e-02],
          [-3.9696e-02, -3.2421e-02,  9.2488e-03],
          [ 1.4524e-02,  5.9745e-02,  3.6156e-02]],

         [[ 2.5346e-03,  2.9728e-02,  2.9524e-02],
          [-4.6289e-02,  3.2888e-02, -3.7843e-02],
          [ 4.5804e-02, -2.3482e-02,  1.3709e-02]]],


        ...,


        [[[-6.5334e-02, -5.9039e-02, -4.0995e-02],
          [-5.2778e-03,  3.1143e-02, -2.4728e-02],
          [ 4.0783e-02,  4.0663e-02,  2.9955e-02]],

         [[-6.4467e-02,  1.9133e-02,  3.8636e-02],
          [ 2.7860e-02, -6.6370e-02, -1.0363e-02],
          [-3.4329e-02, -4.3995e-02,  6.6914e-03]],

         [[-5.4360e-03,  3.4054e-02, -5.1787e-02],
          [-7.4514e-02, -3.9659e-02, -5.1189e-02],
          [ 1.0637e-02, -4.6488e-02,  4.4560e-02]],

         ...,

         [[ 2.1776e-02, -9.3452e-03,  4.8333e-02],
          [-2.1308e-02,  2.4798e-02,  6.6094e-02],
          [ 2.1240e-02, -3.1592e-02,  6.8562e-02]],

         [[-5.1030e-02, -4.9092e-02,  1.3226e-02],
          [-6.8350e-02, -2.4302e-02, -9.0261e-04],
          [ 9.5289e-03, -3.5950e-02,  4.9038e-02]],

         [[ 5.1788e-02, -1.9327e-02, -1.9157e-03],
          [-5.8462e-03, -1.9868e-02,  6.0263e-02],
          [ 5.8845e-02,  2.7615e-02,  6.3166e-02]]],


        [[[-4.3329e-02,  3.0478e-02, -3.5228e-03],
          [ 4.2341e-02,  3.1048e-02, -1.7803e-02],
          [ 8.7037e-03,  4.2248e-02,  7.6545e-03]],

         [[ 2.5684e-04, -3.9673e-02,  4.4367e-02],
          [-4.7925e-02, -2.7190e-02, -4.9877e-02],
          [-6.0367e-03, -1.3850e-02,  2.1220e-02]],

         [[ 7.0146e-02,  2.5198e-02,  2.9867e-02],
          [ 9.2328e-02,  1.9337e-02,  5.3546e-02],
          [ 4.7591e-02,  6.2901e-02,  5.9416e-03]],

         ...,

         [[-1.0508e-02,  3.5873e-02, -4.3486e-02],
          [-2.8269e-02,  1.4275e-02,  7.6927e-03],
          [ 5.3837e-02,  7.9933e-03,  2.0442e-03]],

         [[ 2.2927e-02, -2.4301e-03, -3.9217e-02],
          [-1.0593e-02, -4.9389e-02,  4.5230e-02],
          [ 2.8220e-03,  7.6302e-03, -4.5879e-04]],

         [[-2.0285e-02, -3.1492e-02, -1.3821e-03],
          [ 2.3184e-02, -2.4940e-02, -2.8751e-02],
          [ 4.2846e-02, -1.2955e-02,  4.0395e-02]]],


        [[[ 3.1634e-02,  6.7960e-02, -3.0899e-02],
          [ 2.1437e-02,  5.5074e-03,  3.3256e-02],
          [ 3.6419e-03, -4.3327e-03,  1.9714e-02]],

         [[-3.7249e-03,  4.7657e-02, -2.5068e-02],
          [ 9.0969e-02,  7.1252e-02,  5.0648e-02],
          [ 1.9756e-02, -4.6222e-02,  1.0151e-01]],

         [[ 2.2199e-02,  7.8076e-02, -3.1679e-02],
          [-3.0505e-02,  6.1345e-03,  8.6130e-02],
          [-8.5342e-03, -2.4447e-02,  3.6944e-03]],

         ...,

         [[ 5.7795e-03,  9.2965e-03, -2.3547e-02],
          [ 1.1619e-02,  8.1796e-02, -3.3562e-02],
          [-2.2369e-02,  4.0968e-02,  3.1981e-02]],

         [[-9.6186e-02, -7.7024e-02,  1.9465e-02],
          [-6.4664e-02,  2.6733e-03, -5.8302e-02],
          [-4.2408e-02, -5.6172e-02,  3.7133e-02]],

         [[ 2.1038e-02,  1.6361e-02,  1.1002e-02],
          [ 3.8697e-02,  2.1761e-02,  3.5799e-02],
          [ 3.4889e-02, -6.0365e-03,  9.1684e-03]]]], device='cuda:0')

----------------------body.0.bias----------------------
tensor([ 0.0043, -0.0357,  0.0198,  0.0007,  0.0230, -0.0133,  0.0358, -0.0021,
        -0.0140, -0.0039, -0.0119, -0.0063,  0.0316,  0.0083, -0.0277, -0.0207,
         0.0039, -0.0319, -0.0296,  0.0461, -0.0066,  0.0187, -0.0475, -0.0179,
         0.0105,  0.0101, -0.0493, -0.0524, -0.0104,  0.0303, -0.0466,  0.0258],
       device='cuda:0')

----------------------body.2.weight----------------------
tensor([[[[ 0.0322, -0.0294, -0.0501],
          [-0.0151, -0.0160, -0.0729],
          [-0.0103, -0.0335,  0.0181]],

         [[-0.0027,  0.0176, -0.0053],
          [ 0.0205, -0.0004, -0.0500],
          [ 0.0292,  0.0199,  0.0281]],

         [[ 0.0540,  0.0085, -0.0016],
          [ 0.0365,  0.0465, -0.0296],
          [ 0.0219, -0.0026,  0.0196]],

         ...,

         [[-0.0167,  0.0613, -0.0107],
          [ 0.0123,  0.0406, -0.0109],
          [ 0.0196,  0.0013, -0.0419]],

         [[-0.0164, -0.0707,  0.0299],
          [ 0.0086,  0.0689,  0.0801],
          [ 0.0178, -0.0052,  0.0098]],

         [[-0.0283,  0.0248,  0.0362],
          [-0.0212, -0.1277, -0.0643],
          [ 0.0339, -0.0510,  0.0305]]],


        [[[ 0.0001,  0.0337,  0.0102],
          [-0.0057, -0.0431,  0.0401],
          [ 0.0056, -0.0010, -0.0029]],

         [[-0.0322, -0.0418,  0.0049],
          [-0.0557,  0.0013,  0.0385],
          [ 0.0135,  0.0350,  0.0063]],

         [[-0.0346,  0.0335,  0.0431],
          [ 0.0212,  0.0517, -0.0408],
          [-0.0529, -0.0109,  0.0190]],

         ...,

         [[ 0.0133, -0.0453, -0.0297],
          [ 0.0033, -0.0071, -0.0395],
          [-0.0206, -0.0510, -0.0093]],

         [[-0.0191,  0.0045, -0.0119],
          [-0.0142,  0.0526, -0.0327],
          [ 0.0131,  0.0036, -0.0252]],

         [[-0.0468, -0.0064,  0.0461],
          [-0.0050,  0.0376,  0.0177],
          [ 0.0800,  0.0804,  0.0072]]],


        [[[-0.0205, -0.0024, -0.0572],
          [ 0.0389,  0.0168,  0.0133],
          [ 0.0170, -0.0163, -0.0126]],

         [[ 0.0400, -0.0629,  0.0352],
          [ 0.0398, -0.0198, -0.0489],
          [ 0.0322,  0.0127, -0.0379]],

         [[ 0.0228,  0.0199,  0.0623],
          [ 0.0304,  0.0108, -0.0537],
          [ 0.0448,  0.0480, -0.0150]],

         ...,

         [[ 0.0622, -0.0390,  0.0179],
          [ 0.0343, -0.0076,  0.0476],
          [-0.0524, -0.0142, -0.0341]],

         [[ 0.0310,  0.0949, -0.0360],
          [-0.0066, -0.0055, -0.0136],
          [ 0.0317,  0.0146, -0.0262]],

         [[-0.0025, -0.0210,  0.0269],
          [-0.0436, -0.0595,  0.0043],
          [ 0.0473,  0.0605, -0.0192]]],


        ...,


        [[[ 0.0254, -0.0449,  0.0375],
          [ 0.0203,  0.0656,  0.0043],
          [ 0.0088,  0.0193,  0.0512]],

         [[-0.0317,  0.0464,  0.0413],
          [ 0.0150, -0.0236,  0.0562],
          [ 0.0494,  0.0022,  0.0288]],

         [[-0.0134, -0.0231,  0.0589],
          [ 0.0303,  0.0125,  0.0436],
          [ 0.0415,  0.0390,  0.0309]],

         ...,

         [[ 0.0249,  0.0155,  0.0508],
          [-0.0455,  0.0129, -0.0245],
          [-0.0210, -0.0341, -0.0121]],

         [[-0.0568, -0.0496,  0.0453],
          [ 0.0286, -0.0186, -0.0159],
          [-0.0333,  0.0105, -0.0285]],

         [[ 0.0190, -0.0045,  0.0057],
          [-0.0498, -0.0321,  0.0115],
          [ 0.0240, -0.0374,  0.0054]]],


        [[[-0.0052,  0.0471, -0.0408],
          [ 0.0525,  0.0118,  0.0374],
          [-0.0005,  0.0228, -0.0128]],

         [[ 0.0009, -0.0070,  0.0201],
          [ 0.0648,  0.0596, -0.0248],
          [-0.0273,  0.0376, -0.0144]],

         [[-0.0118,  0.0206, -0.0281],
          [-0.0362,  0.0526, -0.0540],
          [-0.0239,  0.0361, -0.0095]],

         ...,

         [[ 0.0386, -0.0546,  0.0216],
          [-0.0043, -0.0009, -0.0402],
          [-0.0078, -0.0140, -0.0201]],

         [[ 0.0415, -0.0695, -0.0222],
          [ 0.0163, -0.0183,  0.0081],
          [ 0.0056,  0.0216,  0.0087]],

         [[-0.0198, -0.0210, -0.0010],
          [-0.0139, -0.0006,  0.0373],
          [-0.0161, -0.0137,  0.0012]]],


        [[[-0.0603, -0.0380, -0.0181],
          [ 0.0042,  0.0232,  0.0451],
          [-0.0186, -0.0351, -0.0421]],

         [[-0.0457,  0.0317,  0.0397],
          [ 0.0231,  0.0210,  0.0221],
          [ 0.0485,  0.0470,  0.0482]],

         [[ 0.0228,  0.0104, -0.0130],
          [ 0.0427,  0.0264,  0.0453],
          [ 0.0581,  0.0500,  0.0599]],

         ...,

         [[ 0.0210,  0.0147, -0.0467],
          [-0.0277,  0.0641,  0.0004],
          [-0.0070, -0.0250,  0.0227]],

         [[ 0.0340,  0.0428, -0.0083],
          [ 0.0418,  0.0568,  0.0677],
          [-0.0641,  0.0154, -0.0262]],

         [[-0.0341, -0.0493,  0.0104],
          [-0.0569, -0.0405,  0.0009],
          [ 0.0260,  0.0248,  0.0350]]]], device='cuda:0')

----------------------body.2.bias----------------------
tensor([-0.0315, -0.0212, -0.0030, -0.0350, -0.0299, -0.0284,  0.0137,  0.0093,
        -0.0266, -0.0218,  0.0033,  0.0021,  0.0265,  0.0189, -0.0164, -0.0045,
         0.0334,  0.0182,  0.0361,  0.0456,  0.0069, -0.0075, -0.0195, -0.0115,
         0.0169,  0.0235,  0.0144, -0.0374, -0.0349,  0.0561, -0.0033, -0.0147],
       device='cuda:0')

----------------------body.4.weight----------------------
tensor([[[[ 0.0045,  0.0520,  0.0548],
          [ 0.0306,  0.0453,  0.0568],
          [-0.0526, -0.0270, -0.0174]],

         [[ 0.0182,  0.0166, -0.0017],
          [ 0.0449, -0.0486, -0.0107],
          [ 0.0064, -0.0108,  0.0460]],

         [[-0.0305,  0.0457, -0.0142],
          [ 0.0079,  0.0110,  0.0586],
          [-0.0235,  0.0021,  0.0429]],

         ...,

         [[-0.0136, -0.0213,  0.0460],
          [ 0.0046,  0.0043,  0.0512],
          [-0.0412,  0.0408,  0.0294]],

         [[-0.0428,  0.0368,  0.0032],
          [-0.0519,  0.0322, -0.0596],
          [ 0.0089,  0.0097,  0.0254]],

         [[-0.0552,  0.0493,  0.0503],
          [ 0.0423,  0.0260, -0.0279],
          [ 0.0519,  0.0132,  0.0008]]],


        [[[ 0.0048,  0.0333,  0.0139],
          [-0.0459, -0.0060,  0.0155],
          [-0.0015, -0.0294, -0.0003]],

         [[-0.0445, -0.0446,  0.0324],
          [-0.0172, -0.0121,  0.0129],
          [-0.0106, -0.0495,  0.0254]],

         [[ 0.0147,  0.0117, -0.0596],
          [ 0.0497,  0.0210,  0.0200],
          [ 0.0168, -0.0261,  0.0172]],

         ...,

         [[ 0.0342, -0.0223,  0.0475],
          [ 0.0163,  0.0151,  0.0192],
          [-0.0256, -0.0233, -0.0259]],

         [[-0.0409, -0.0155, -0.0034],
          [-0.0564, -0.0648,  0.0673],
          [-0.0096,  0.0367,  0.0571]],

         [[ 0.0284, -0.0455, -0.0210],
          [ 0.0276,  0.0179, -0.0373],
          [ 0.0475,  0.0437,  0.0246]]],


        [[[-0.0356,  0.0513,  0.0663],
          [-0.0011, -0.0133,  0.0247],
          [-0.0563, -0.0434,  0.0077]],

         [[ 0.0504, -0.0479,  0.0162],
          [ 0.0018,  0.0159,  0.0320],
          [-0.0415,  0.0328,  0.0357]],

         [[-0.0426,  0.0228, -0.0027],
          [ 0.0154, -0.0073,  0.0217],
          [ 0.0225, -0.0006, -0.0532]],

         ...,

         [[ 0.0149,  0.0227, -0.0086],
          [ 0.0150,  0.0177, -0.0228],
          [ 0.0517, -0.0018,  0.0081]],

         [[-0.0390,  0.0337,  0.0424],
          [ 0.0047, -0.0600, -0.0457],
          [-0.0610, -0.0090,  0.0177]],

         [[-0.0303, -0.0340, -0.0449],
          [ 0.0054,  0.0195, -0.0481],
          [-0.0366,  0.0216,  0.0379]]],


        ...,


        [[[ 0.0432, -0.0389, -0.0142],
          [ 0.0178, -0.0120,  0.0174],
          [ 0.0291, -0.0160,  0.0210]],

         [[-0.0396, -0.0465, -0.0419],
          [ 0.0022, -0.0390,  0.0561],
          [ 0.0093,  0.0210, -0.0034]],

         [[-0.0532, -0.0136, -0.0537],
          [-0.0700, -0.0204, -0.0215],
          [-0.0521,  0.0112, -0.0536]],

         ...,

         [[-0.0176, -0.0124,  0.0460],
          [-0.0145,  0.0058,  0.0089],
          [ 0.0609, -0.0060,  0.0357]],

         [[ 0.0413,  0.0013,  0.0036],
          [-0.0533, -0.0046, -0.0221],
          [-0.0018, -0.0275,  0.0055]],

         [[-0.0357,  0.0250,  0.0367],
          [-0.0245, -0.0516, -0.0160],
          [ 0.0340,  0.0433, -0.0414]]],


        [[[ 0.0049,  0.0901,  0.0141],
          [ 0.0248,  0.1121,  0.1054],
          [-0.0037, -0.1009,  0.0107]],

         [[ 0.0259,  0.0529, -0.0182],
          [ 0.0128,  0.0097, -0.0689],
          [-0.0436, -0.0091, -0.0398]],

         [[-0.0947,  0.0179,  0.0451],
          [-0.0267,  0.0068,  0.0280],
          [-0.0352,  0.0041,  0.0364]],

         ...,

         [[-0.0034,  0.0433, -0.0134],
          [-0.0485,  0.0368, -0.0237],
          [-0.0228,  0.0218,  0.0086]],

         [[ 0.0177, -0.0782, -0.0427],
          [ 0.0300,  0.0225,  0.0108],
          [ 0.0311, -0.0220,  0.0511]],

         [[-0.0317, -0.0475,  0.0140],
          [-0.0314,  0.0154,  0.0222],
          [ 0.0396, -0.0389, -0.0420]]],


        [[[ 0.0505,  0.0232, -0.0389],
          [-0.0349,  0.0850, -0.0126],
          [-0.0384,  0.0473,  0.0376]],

         [[ 0.0612,  0.0110,  0.0008],
          [-0.0273,  0.0254, -0.0242],
          [-0.0398, -0.0901, -0.0850]],

         [[ 0.0095,  0.0063,  0.0620],
          [ 0.0275, -0.0282, -0.0062],
          [ 0.0415, -0.0080, -0.0555]],

         ...,

         [[ 0.0155, -0.0046, -0.0192],
          [-0.0168, -0.0404, -0.0587],
          [ 0.0238, -0.0512,  0.0016]],

         [[-0.0550, -0.0068,  0.0111],
          [ 0.0373, -0.0444, -0.0047],
          [-0.0380,  0.0617,  0.0187]],

         [[-0.0056, -0.0272,  0.0543],
          [ 0.0273,  0.0468, -0.0299],
          [-0.0658, -0.0067, -0.0238]]]], device='cuda:0')

----------------------body.4.bias----------------------
tensor([-0.0197,  0.0357, -0.0102,  0.0411, -0.0489,  0.0179, -0.0328, -0.0120,
         0.0311, -0.0215,  0.0232,  0.0172,  0.0247, -0.0132, -0.0031, -0.0068,
        -0.0085, -0.0242,  0.0028,  0.0122, -0.0248,  0.0122, -0.0280, -0.0089,
        -0.0405, -0.0457, -0.0114, -0.0134, -0.0102,  0.0674, -0.0510,  0.0164],
       device='cuda:0')

----------------------feature_head.weight----------------------
tensor([[[[ 4.1867e-02,  3.1746e-03,  4.4277e-02],
          [-2.3403e-02,  5.6658e-02,  1.8344e-02],
          [-7.7097e-03, -5.4451e-02,  1.0816e-02]],

         [[-5.4498e-02,  2.3879e-02, -2.8529e-02],
          [-3.4319e-02, -1.2968e-04, -4.0609e-02],
          [ 6.3639e-03,  1.0228e-02,  2.0947e-02]],

         [[ 5.0489e-02,  4.5056e-02,  3.9481e-02],
          [-3.0431e-02, -2.2019e-02,  5.3098e-02],
          [-2.9813e-02,  9.7923e-03,  3.2477e-02]],

         [[ 5.6716e-02,  1.8582e-02,  2.1025e-02],
          [ 5.5251e-02,  4.1742e-02, -2.7161e-02],
          [ 1.7952e-02,  7.9540e-03,  3.0463e-02]],

         [[-2.8864e-02, -8.2372e-03,  2.0131e-02],
          [ 4.5744e-02,  2.8119e-02, -4.0285e-02],
          [ 1.1249e-02, -1.3640e-02,  1.4047e-02]],

         [[ 1.8608e-02,  1.7062e-02, -3.1178e-02],
          [ 4.6003e-02,  1.4730e-03,  4.4543e-02],
          [ 3.2778e-02,  2.5783e-02, -1.7129e-02]],

         [[ 4.0698e-02, -8.0423e-03,  2.9358e-02],
          [-1.2030e-02, -7.7142e-03,  3.4229e-02],
          [-3.9252e-02, -3.0299e-02, -4.9480e-02]],

         [[ 4.4034e-02,  5.5345e-02,  8.5781e-03],
          [ 2.1658e-02,  2.9472e-02,  1.9276e-02],
          [ 6.3142e-03,  2.1523e-02,  3.5566e-02]],

         [[-3.6208e-02, -2.3868e-02, -5.9119e-03],
          [-5.8382e-02,  1.7730e-02,  8.2089e-03],
          [-1.3532e-03,  3.0797e-02, -3.5959e-02]],

         [[-9.6334e-03,  2.2338e-02,  1.6471e-02],
          [ 2.0247e-02, -1.8854e-02, -1.7574e-02],
          [-1.5495e-02, -4.9696e-02,  2.8702e-02]],

         [[-5.1384e-02,  4.6487e-02, -1.0265e-02],
          [ 1.5433e-02,  5.2421e-02,  3.1031e-03],
          [ 4.6091e-02,  1.6512e-02, -2.3075e-02]],

         [[-1.6662e-02, -2.0279e-02,  5.0539e-02],
          [-3.0372e-02, -2.2793e-02, -6.5852e-03],
          [-1.9902e-02, -3.7709e-02,  3.7708e-03]],

         [[ 3.3849e-02, -2.0642e-02, -1.5595e-02],
          [-4.3177e-02,  1.5145e-02,  1.1548e-02],
          [ 2.9771e-02,  4.8139e-02, -3.0901e-02]],

         [[ 4.2328e-02, -4.1217e-02, -1.3877e-02],
          [-4.6203e-02, -1.6559e-02, -3.7640e-02],
          [-5.3343e-02, -3.6218e-02, -2.4339e-02]],

         [[-4.8299e-02,  4.2836e-02,  5.0337e-02],
          [ 2.4525e-03, -8.7642e-03, -4.0735e-02],
          [ 5.1095e-02,  1.0292e-02, -1.6283e-03]],

         [[-1.5815e-02,  5.0745e-02,  3.9371e-02],
          [ 5.6352e-02,  5.0111e-02, -4.8688e-02],
          [-5.2372e-02, -3.7239e-02, -4.9404e-02]],

         [[-1.3181e-02, -1.8391e-02, -1.7256e-02],
          [ 2.1881e-02, -1.5030e-02,  3.5022e-02],
          [ 1.7759e-02,  4.9933e-02,  3.5182e-02]],

         [[-2.2770e-02, -2.3855e-02, -1.2104e-03],
          [-5.5685e-02, -3.4334e-02, -3.3554e-02],
          [ 4.5718e-02, -3.5163e-02, -3.6438e-02]],

         [[-4.3622e-02, -5.8836e-03, -3.5109e-02],
          [-5.2302e-02,  5.7089e-02, -2.2397e-02],
          [-4.3487e-03,  7.7315e-03,  3.1463e-03]],

         [[ 1.7110e-02,  2.6335e-02, -2.2395e-02],
          [-2.3484e-02, -6.9041e-03, -5.5354e-02],
          [-3.1282e-02,  2.5426e-02, -7.0745e-04]],

         [[-3.9725e-02, -3.8294e-02, -1.8900e-02],
          [ 5.3558e-02,  3.5285e-02, -4.2082e-02],
          [ 2.5829e-02, -4.4080e-02,  5.8301e-02]],

         [[ 8.6383e-03, -5.9230e-03,  4.7724e-02],
          [-6.8364e-03, -5.4644e-02,  3.9780e-02],
          [ 5.4461e-03, -4.9581e-02,  7.5219e-03]],

         [[ 4.2893e-02,  3.4402e-02, -5.3239e-02],
          [-3.2149e-02,  5.8911e-02,  5.1333e-02],
          [ 1.0942e-02, -1.3394e-02,  5.6981e-02]],

         [[ 5.4329e-03,  4.0867e-02, -5.8846e-02],
          [-4.0962e-02,  4.7788e-03, -2.1551e-03],
          [-3.1838e-03, -3.0560e-02,  1.8802e-02]],

         [[-5.1521e-02, -1.0188e-02, -5.3109e-02],
          [-1.6198e-02,  2.4427e-02, -1.1997e-02],
          [-4.7516e-02, -4.8422e-02,  2.0164e-02]],

         [[-1.2334e-02,  1.3172e-02,  3.1541e-02],
          [-2.0354e-02, -4.9370e-02,  3.2933e-02],
          [ 5.2849e-02, -3.4187e-02, -4.2660e-02]],

         [[-2.3774e-02,  9.6235e-03,  1.1837e-02],
          [ 2.0548e-02,  5.4315e-02, -3.8858e-02],
          [ 3.6881e-02,  5.6781e-02, -2.7761e-02]],

         [[-3.8132e-02,  5.3136e-02,  5.7874e-02],
          [ 1.2523e-02, -2.8000e-02, -1.8802e-02],
          [-5.7134e-02, -6.9210e-03, -3.0594e-02]],

         [[ 5.3702e-02, -4.9840e-03,  2.2339e-02],
          [ 3.5314e-02,  2.6534e-02,  2.3576e-02],
          [-2.7682e-03, -7.6065e-03, -4.8477e-02]],

         [[-3.2153e-02,  1.9153e-03,  5.4108e-02],
          [-1.1927e-03,  2.3094e-02,  2.4364e-02],
          [-4.9010e-02,  5.2441e-02,  2.1224e-02]],

         [[-9.6074e-03, -3.5226e-02, -4.1331e-02],
          [-1.9246e-02, -1.8266e-02, -4.6376e-03],
          [ 3.8436e-02, -3.4659e-02, -2.9783e-02]],

         [[-1.6728e-02, -2.9190e-02,  1.1435e-02],
          [-2.3362e-02, -2.5616e-02,  5.4520e-02],
          [-1.4410e-02, -4.5837e-02,  3.3801e-02]]],


        [[[-1.2406e-02, -2.6916e-02,  4.7693e-02],
          [-2.0513e-02, -2.8490e-02,  1.8097e-02],
          [-1.3668e-02,  4.7419e-02,  4.4113e-02]],

         [[-2.8507e-03, -1.6893e-02,  3.4713e-02],
          [ 3.3872e-02, -3.9191e-02,  1.6757e-02],
          [ 1.6545e-02,  5.8457e-02, -3.4335e-02]],

         [[-4.3798e-02, -1.6058e-02, -5.8143e-02],
          [-1.3456e-03,  2.9765e-02, -3.0525e-02],
          [ 5.5851e-02,  3.3716e-02,  3.6833e-02]],

         [[-3.7235e-02,  3.5484e-02,  3.8191e-02],
          [ 3.5456e-02, -4.3862e-02,  2.4367e-02],
          [ 1.3338e-02,  4.9411e-03,  5.2335e-02]],

         [[-2.0036e-04, -2.1108e-02, -3.8747e-02],
          [-4.1910e-02, -1.9824e-02,  4.2514e-02],
          [ 3.0205e-02,  2.5042e-02,  2.6642e-02]],

         [[ 1.2764e-02, -1.8012e-02,  2.1286e-02],
          [-1.6599e-02,  2.4466e-02,  2.8374e-02],
          [-4.0701e-02, -4.2451e-02, -5.8091e-02]],

         [[ 1.3933e-02, -2.1865e-02, -7.5049e-03],
          [ 7.4734e-03,  1.0243e-02, -5.0624e-02],
          [-6.4899e-03, -1.0701e-02, -1.3142e-02]],

         [[-5.8924e-02, -4.0758e-02, -1.3878e-02],
          [ 1.4157e-02,  4.2179e-02, -3.0793e-02],
          [-8.2076e-05,  4.4586e-02, -1.7861e-02]],

         [[ 2.3503e-02,  3.6753e-02, -1.5422e-02],
          [-3.3563e-02,  2.7976e-02,  1.8661e-02],
          [-2.4519e-02, -4.6531e-02, -4.9972e-03]],

         [[ 5.6567e-04,  3.0771e-02, -4.2900e-02],
          [ 1.1120e-02,  1.2014e-02,  1.4023e-02],
          [-4.6377e-02, -1.7733e-02, -5.8113e-02]],

         [[ 1.9455e-02, -3.2895e-02, -4.6113e-02],
          [ 4.3835e-02, -3.5813e-02,  1.6899e-02],
          [ 3.3703e-02,  2.2715e-02, -4.9617e-02]],

         [[-3.3573e-02, -5.3518e-02, -8.0930e-04],
          [ 2.0585e-02, -4.0178e-02,  2.6421e-02],
          [-5.2998e-02, -4.3555e-02, -3.3544e-02]],

         [[-7.1469e-03,  5.8813e-02,  5.8575e-02],
          [-5.6355e-02,  2.0573e-03,  3.3527e-02],
          [-6.1727e-03, -2.0518e-02,  1.2687e-02]],

         [[ 5.8298e-02, -3.2211e-02,  6.1014e-03],
          [ 5.0267e-03, -3.0485e-02, -3.4596e-02],
          [-7.0720e-03,  4.7413e-02,  1.0555e-02]],

         [[-4.6154e-02,  3.6790e-02, -9.6836e-03],
          [-1.9639e-02,  5.5150e-02, -4.9169e-02],
          [-3.3437e-02, -2.9303e-02,  5.9228e-03]],

         [[ 2.6619e-02, -5.1944e-02,  7.2430e-03],
          [ 2.0945e-02, -1.0133e-02, -5.0069e-02],
          [ 4.4407e-02,  7.6054e-03,  3.0642e-03]],

         [[ 3.6273e-02,  5.4203e-02,  2.1526e-02],
          [-2.1806e-02, -5.6139e-03, -2.1208e-02],
          [ 3.2546e-02,  4.4147e-02,  3.6053e-02]],

         [[ 4.9536e-02,  4.0154e-02,  2.4615e-02],
          [-5.8340e-02,  9.5437e-03, -2.1418e-02],
          [-2.5890e-02,  8.6885e-03,  1.1092e-02]],

         [[-4.9884e-02, -9.2754e-03,  2.4834e-02],
          [ 2.1883e-02,  1.2303e-02,  3.8466e-02],
          [ 1.6777e-02, -1.3190e-02,  3.9531e-02]],

         [[ 1.1120e-02,  3.6833e-02, -1.8143e-02],
          [-5.6461e-02, -1.8163e-02, -1.7328e-02],
          [ 3.6482e-02,  2.4127e-02, -8.1195e-03]],

         [[-2.6283e-02, -3.4133e-03,  5.4218e-04],
          [ 5.0612e-02, -7.7462e-03,  1.0211e-02],
          [-4.0183e-03,  9.1660e-03, -5.3921e-02]],

         [[ 2.6576e-03,  1.1665e-02,  7.4983e-04],
          [ 3.9129e-02,  3.3643e-02, -1.5591e-02],
          [ 3.6450e-02, -4.2077e-02,  9.8075e-03]],

         [[ 1.3444e-02,  2.7440e-02,  1.6864e-02],
          [-9.5332e-03, -2.9669e-02, -1.3369e-02],
          [ 6.6658e-03, -5.3257e-02,  2.0312e-02]],

         [[ 5.5556e-02, -2.2188e-02,  2.0295e-02],
          [ 2.0975e-02, -2.3204e-02,  3.2076e-02],
          [ 1.7487e-03,  4.5253e-02, -1.8470e-02]],

         [[ 4.2163e-02, -4.3668e-02, -1.1850e-03],
          [-2.9037e-02, -1.2181e-02,  9.6005e-03],
          [ 5.6855e-02, -1.7658e-02,  3.0464e-02]],

         [[ 3.3570e-02,  5.1339e-02,  6.2296e-03],
          [ 1.0921e-02, -4.7420e-02, -1.7262e-02],
          [-2.6051e-02,  5.6215e-02,  2.5215e-02]],

         [[-2.9975e-03, -3.5380e-03,  3.1703e-02],
          [ 5.1796e-02, -3.7348e-02,  1.5601e-02],
          [ 2.4867e-03, -4.3893e-02,  2.6869e-02]],

         [[ 2.2679e-02, -1.0942e-02,  2.4956e-02],
          [-3.4925e-02, -4.8239e-02, -5.6389e-02],
          [-3.0720e-02, -1.8910e-02, -1.8815e-02]],

         [[-5.5755e-02,  1.7554e-02, -1.0392e-02],
          [-5.3147e-02, -5.5637e-02,  4.0623e-02],
          [-5.0680e-02,  3.4174e-02,  7.3089e-03]],

         [[ 4.5775e-02, -5.0945e-02,  2.6160e-02],
          [ 2.7374e-02, -3.6524e-03,  2.5228e-03],
          [-4.4003e-02,  4.4648e-02,  2.7776e-02]],

         [[ 3.6106e-02, -3.2254e-03, -4.1483e-02],
          [ 4.2055e-02, -5.3287e-02,  2.6486e-02],
          [ 1.5312e-03,  1.8394e-02, -2.1928e-02]],

         [[-2.2594e-02, -3.3801e-02, -1.8243e-02],
          [ 1.0795e-02,  1.8547e-02,  3.7984e-02],
          [-3.4855e-02,  1.7103e-02, -3.1832e-03]]],


        [[[-4.3462e-02,  7.5473e-03, -7.1020e-03],
          [-3.3096e-02, -4.8053e-02, -3.5712e-02],
          [ 4.8614e-02, -3.0924e-02, -2.0345e-02]],

         [[-1.4681e-02, -5.3737e-02,  5.7264e-02],
          [ 4.1461e-02, -3.3709e-02, -4.3818e-03],
          [ 3.8977e-03, -3.9709e-02,  5.8894e-02]],

         [[ 3.7490e-02,  1.5301e-02, -4.7691e-02],
          [-4.5578e-02, -3.0299e-04,  4.4088e-02],
          [-2.5610e-02,  2.8718e-02, -1.2725e-02]],

         [[-4.5724e-02, -2.4956e-03,  5.8513e-04],
          [-1.9451e-02,  1.3470e-02,  3.9994e-02],
          [ 1.9603e-02,  1.2002e-02, -1.0540e-02]],

         [[ 5.4123e-02,  4.7575e-02,  8.9804e-04],
          [ 4.3323e-02,  2.8863e-02,  3.4441e-02],
          [-4.6393e-02,  1.9222e-02,  8.3051e-03]],

         [[ 1.7899e-02,  4.4256e-03,  2.5559e-02],
          [-2.0842e-02, -3.5871e-02, -3.0382e-02],
          [-3.2468e-02, -5.6821e-02,  3.7171e-02]],

         [[ 2.1328e-02, -1.3570e-02, -9.2981e-03],
          [ 2.1729e-02,  4.7299e-03,  2.4359e-03],
          [-5.6588e-02,  1.3677e-02, -5.4411e-02]],

         [[-3.3253e-02,  5.3787e-02, -2.2402e-02],
          [-3.5826e-02,  4.6513e-02,  8.0030e-03],
          [-2.3736e-02,  1.9467e-02, -5.7890e-02]],

         [[ 1.5156e-02, -4.2605e-02, -4.8050e-02],
          [-2.9036e-02,  4.3679e-02,  1.2059e-02],
          [-1.4215e-02, -4.4852e-02, -1.1284e-02]],

         [[ 3.9548e-02,  4.0008e-02,  4.5607e-02],
          [ 3.6051e-02, -2.6969e-02,  4.2037e-02],
          [ 5.3997e-03,  3.7921e-02,  3.3564e-02]],

         [[ 1.5227e-02,  4.7936e-02,  2.9534e-02],
          [-2.2433e-02,  1.7212e-02,  2.4999e-02],
          [ 2.0535e-02,  5.8109e-02,  3.5893e-02]],

         [[-3.0449e-02,  2.3903e-02, -4.2603e-02],
          [-7.3534e-03,  5.6135e-03,  3.4117e-03],
          [-3.6801e-02, -5.7403e-02,  1.9465e-02]],

         [[ 1.9954e-02,  5.6410e-02, -3.0252e-02],
          [-4.5507e-02, -3.4191e-02, -4.9867e-03],
          [ 9.8323e-03, -5.3140e-02,  4.7124e-02]],

         [[ 2.1873e-02,  4.9313e-02,  2.3732e-02],
          [ 4.6240e-02, -9.6353e-03,  4.8362e-03],
          [ 1.9446e-02, -1.4659e-03,  3.1908e-02]],

         [[ 3.7327e-02,  7.3927e-03,  9.5224e-03],
          [ 1.0104e-02, -5.5064e-02,  4.2275e-02],
          [-2.6837e-02,  7.0673e-03, -1.9516e-02]],

         [[-4.6491e-02, -5.8239e-02,  3.5150e-02],
          [ 5.2783e-02, -4.8139e-02, -1.3275e-02],
          [-1.1965e-02, -5.4225e-02, -5.4607e-02]],

         [[ 9.2566e-03,  1.7099e-02,  2.9859e-02],
          [ 4.4886e-02, -3.4562e-03, -5.6394e-03],
          [ 2.9096e-02, -1.1073e-02, -2.2077e-02]],

         [[-1.7883e-02,  3.0242e-02,  3.3733e-04],
          [-4.5843e-03,  4.6272e-02,  3.5067e-02],
          [ 2.8118e-02,  2.9749e-03, -3.6077e-02]],

         [[ 3.9672e-02, -3.3472e-02,  4.4796e-02],
          [ 2.8629e-03,  4.0316e-02, -3.1764e-02],
          [ 1.3721e-03,  9.1851e-03, -3.6847e-02]],

         [[-2.6687e-02,  3.2899e-02,  4.3571e-02],
          [ 2.7226e-02, -4.4573e-02,  5.8303e-02],
          [ 1.4434e-02, -1.7598e-02, -1.4070e-02]],

         [[-5.0248e-02, -2.2310e-02,  5.2256e-02],
          [ 9.2271e-03,  1.2217e-02, -3.6595e-04],
          [ 1.1767e-02,  4.9497e-02,  2.8346e-02]],

         [[-2.1393e-02,  2.0516e-02, -4.6311e-02],
          [-4.3981e-02,  3.1623e-02, -4.8965e-02],
          [ 3.2454e-02,  4.7075e-02,  2.2371e-02]],

         [[-9.5665e-05,  3.6995e-02, -2.3175e-03],
          [ 5.1632e-02,  4.1093e-02,  4.5548e-02],
          [-5.8670e-02,  3.0358e-02,  1.7823e-02]],

         [[ 1.8808e-02,  1.7017e-02, -5.0296e-02],
          [-2.7251e-02, -1.3668e-02, -7.9000e-03],
          [ 2.6957e-02,  3.4390e-02, -5.8761e-03]],

         [[-3.4457e-02,  1.9855e-02, -9.4396e-03],
          [-5.0990e-02, -3.3142e-02,  6.2813e-03],
          [-4.2918e-03, -1.9293e-02,  2.9790e-02]],

         [[-4.4416e-02,  3.0278e-02, -2.9035e-02],
          [-2.3325e-02,  9.7327e-03,  4.5298e-02],
          [ 4.6994e-02, -2.0963e-02, -4.1759e-02]],

         [[-2.6844e-02, -1.8115e-02, -2.6700e-02],
          [-3.0433e-02,  5.1159e-02,  5.4060e-02],
          [-4.6110e-02, -4.1899e-02, -1.5811e-02]],

         [[ 4.5249e-02,  4.6074e-02, -5.3418e-02],
          [ 4.8595e-02,  4.0988e-02,  4.5738e-02],
          [-3.8331e-03, -3.7826e-02, -2.0246e-02]],

         [[ 2.5284e-02,  3.2662e-02,  3.6226e-02],
          [-2.5077e-02,  5.4760e-03,  3.0988e-02],
          [ 5.4402e-02, -5.4094e-02, -4.9499e-02]],

         [[ 5.6957e-02, -2.3987e-02,  5.3249e-03],
          [ 3.0543e-02,  4.7984e-02, -2.0228e-02],
          [-4.2541e-02,  1.4649e-02, -2.6899e-02]],

         [[ 5.7028e-02,  4.1110e-02, -5.2202e-02],
          [-1.1201e-02, -3.1348e-02,  4.4283e-02],
          [-4.9472e-02, -1.6368e-02,  5.6092e-02]],

         [[-6.9725e-04, -4.1230e-02,  3.7177e-03],
          [ 2.0120e-02, -8.3753e-03, -4.9129e-02],
          [-5.4683e-02,  3.9703e-02, -1.0757e-02]]]], device='cuda:0')

----------------------feature_head.bias----------------------
tensor([-0.0425,  0.0074,  0.0230], device='cuda:0')

----------------------colour_head.0.weight----------------------
tensor([[[[ 4.8756e-02,  4.8791e-02, -5.1008e-02],
          [ 6.8356e-03,  1.2515e-02,  5.3125e-02],
          [-1.0641e-03,  4.6211e-02, -5.4904e-02]],

         [[-2.2060e-02,  1.3788e-02, -5.1291e-02],
          [ 6.3760e-02,  2.1971e-02,  2.7272e-02],
          [-4.0772e-02,  3.5936e-02, -3.1357e-02]],

         [[ 1.0763e-02,  4.6226e-03, -2.7315e-02],
          [ 6.0280e-02,  6.5700e-03,  4.2078e-02],
          [-3.6899e-02, -4.6606e-02, -3.2378e-02]],

         [[-6.3789e-02, -5.1371e-03,  2.0338e-02],
          [-4.0135e-02, -3.7549e-02,  4.6326e-02],
          [ 5.3733e-02, -1.5088e-02, -3.7341e-02]],

         [[ 2.6807e-02,  3.3406e-02, -2.3759e-03],
          [-3.8670e-02, -4.3759e-02,  5.2358e-03],
          [ 3.9791e-03, -1.1062e-02,  2.8371e-02]],

         [[ 6.1608e-02,  4.9814e-02, -5.3784e-02],
          [ 2.3332e-02, -4.4571e-02,  5.3198e-02],
          [-5.9144e-02, -2.8749e-02, -1.8803e-03]],

         [[-1.1840e-02,  6.1781e-03, -3.9158e-02],
          [-2.1926e-02, -2.6155e-02,  4.5460e-02],
          [ 5.0581e-02,  7.9655e-03, -4.6934e-02]],

         [[-2.6207e-03,  5.0897e-02, -1.5572e-02],
          [-4.7593e-02,  2.3902e-02,  5.8924e-02],
          [ 3.0554e-02,  5.7639e-02, -2.4936e-02]],

         [[ 2.7184e-02, -2.0002e-03, -3.3544e-03],
          [ 6.0666e-02,  1.9058e-02, -2.6844e-02],
          [ 3.4111e-02, -3.4329e-02, -3.9937e-03]],

         [[-6.2007e-02, -2.3725e-02, -1.2941e-02],
          [-4.2307e-03,  2.5282e-02,  2.1899e-02],
          [ 1.8837e-02,  4.4323e-02, -2.2725e-02]],

         [[ 7.3173e-03,  4.0991e-02, -1.8652e-02],
          [-1.5689e-02,  2.8150e-02, -6.9872e-02],
          [ 4.8979e-02,  3.5098e-02, -5.4271e-02]],

         [[-3.6434e-02, -6.8761e-02, -3.4171e-02],
          [-5.2478e-02,  5.9073e-03,  1.4577e-02],
          [ 8.4326e-02,  1.8487e-01, -6.4611e-02]],

         [[-4.2147e-02, -1.6687e-02,  5.2148e-02],
          [-5.3666e-02,  5.5932e-02,  4.7131e-02],
          [-2.2959e-02, -3.7410e-03, -2.3915e-02]],

         [[ 4.7642e-02, -4.0610e-03,  1.2424e-02],
          [-4.2768e-03,  6.4852e-02,  8.1213e-03],
          [ 4.4979e-02,  2.8479e-02,  6.0060e-03]],

         [[ 5.5251e-02,  3.4153e-02,  9.4781e-03],
          [-1.2121e-02, -2.4303e-02, -2.6980e-02],
          [-6.3155e-02,  4.4822e-02,  3.1595e-02]],

         [[-2.4114e-02,  4.9662e-02, -4.4878e-02],
          [-6.1629e-02,  7.0527e-03,  4.8514e-02],
          [ 1.0596e-02, -7.9960e-03,  2.0889e-02]],

         [[ 2.2638e-02,  1.7469e-02,  7.0221e-02],
          [ 1.9031e-02, -4.2923e-02,  3.6759e-02],
          [ 2.8315e-02, -3.6310e-02, -5.7728e-03]],

         [[ 8.9562e-04, -1.1482e-02, -1.0841e-02],
          [ 4.8166e-02,  2.2700e-02, -5.3525e-02],
          [ 6.4555e-02,  3.3133e-02, -5.6002e-02]],

         [[ 4.6832e-02, -3.5207e-02, -1.3788e-03],
          [-2.3261e-02, -2.0595e-02,  7.2697e-03],
          [ 3.4277e-03,  1.5898e-02,  6.5916e-03]],

         [[-1.0479e-03,  3.1623e-01,  8.6089e-02],
          [-1.3372e-02, -1.1767e-01, -1.5598e-02],
          [-3.6537e-03,  8.1418e-03, -3.6185e-03]],

         [[ 3.6835e-02,  2.9631e-02, -1.4883e-02],
          [-2.0017e-02,  6.6467e-02,  5.7253e-02],
          [ 3.7414e-02,  5.3392e-02, -4.5623e-02]],

         [[ 2.7275e-02, -1.1499e-01, -5.2089e-02],
          [-4.9460e-03, -2.0257e-01, -6.2792e-02],
          [-1.2248e-02, -4.3852e-02, -9.8083e-03]],

         [[ 5.1489e-03, -5.4991e-02,  6.1038e-02],
          [-4.2460e-02, -2.2000e-01,  1.7354e-01],
          [-1.3912e-02,  2.1439e-02,  3.4710e-02]],

         [[-3.3319e-02,  3.0432e-02,  2.8082e-02],
          [ 6.1651e-02,  2.2883e-02,  3.7490e-02],
          [-2.0437e-02, -1.6108e-02, -3.5975e-02]],

         [[-5.7988e-02,  2.3705e-02, -1.6662e-02],
          [ 3.6962e-02,  9.8331e-02,  1.6759e-01],
          [-4.9533e-02, -9.6963e-02,  7.3975e-02]],

         [[ 3.1912e-02, -1.8122e-02, -1.1641e-02],
          [-8.9252e-03,  4.6598e-02, -2.0061e-02],
          [ 3.2272e-03,  6.2376e-02,  5.3752e-02]],

         [[ 2.9048e-02,  4.3926e-02, -4.4470e-02],
          [ 1.0289e-02, -3.1932e-02, -2.1266e-02],
          [ 5.2550e-02,  4.8956e-02,  3.4794e-02]],

         [[-7.5187e-02,  8.2440e-02,  5.9257e-02],
          [-2.0785e-02,  2.7994e-02,  4.4722e-02],
          [-6.0197e-02,  7.9063e-02, -9.8602e-02]],

         [[ 1.3403e-02,  8.3387e-03, -5.2098e-03],
          [ 7.3471e-02, -2.0050e-01, -3.1676e-02],
          [ 1.7457e-01,  4.5590e-02,  8.4883e-03]],

         [[-3.2701e-02, -2.2212e-02,  4.1479e-02],
          [ 5.8463e-02, -4.5729e-02,  2.0528e-02],
          [ 2.9510e-02, -3.7629e-02, -5.8987e-02]],

         [[ 1.1550e-03, -2.8147e-02, -7.0258e-03],
          [ 7.0724e-02, -2.6356e-03,  1.1195e-02],
          [ 4.1754e-02, -2.8024e-02, -6.1460e-02]],

         [[-3.1815e-02, -6.5821e-02, -3.2930e-02],
          [ 4.2066e-02,  2.9711e-02, -2.7647e-02],
          [ 1.8414e-02,  8.1156e-03,  5.1856e-02]]],


        [[[-2.0379e-02, -2.6395e-03,  1.8705e-02],
          [ 1.8174e-02,  4.8146e-03,  4.9435e-02],
          [-2.5322e-02,  2.1646e-03, -4.6999e-02]],

         [[ 3.2807e-02, -2.5269e-02,  1.1159e-02],
          [ 2.0890e-02,  5.9133e-04,  5.1350e-02],
          [-3.6813e-02,  3.7386e-02,  4.9285e-02]],

         [[-9.1912e-04,  3.2683e-02, -6.5665e-02],
          [ 8.3596e-02,  1.7573e-03, -2.2104e-03],
          [-1.2915e-02,  1.9622e-03, -4.4338e-02]],

         [[-5.6229e-02, -3.7176e-02,  5.5487e-03],
          [-3.1319e-02,  1.0623e-03,  3.0232e-02],
          [ 4.1430e-02,  2.2163e-02,  5.8699e-02]],

         [[ 1.7783e-02, -8.9197e-03, -4.4222e-02],
          [ 9.3352e-03, -4.3497e-02, -4.3446e-03],
          [-4.6838e-02, -2.8540e-02, -2.4285e-02]],

         [[-4.3192e-03,  1.4729e-03, -2.1995e-02],
          [-1.7655e-02, -7.5368e-02,  1.9858e-02],
          [ 6.5941e-02,  5.9798e-02, -2.5457e-02]],

         [[-2.9416e-02, -2.8020e-02, -3.2311e-02],
          [-2.5089e-02,  6.6784e-02, -1.8652e-02],
          [ 3.8446e-02,  2.5124e-02,  2.1377e-02]],

         [[-4.3448e-02,  7.4918e-02,  4.1972e-02],
          [-4.4567e-02, -2.2831e-02,  3.1223e-02],
          [-6.5632e-03, -3.0351e-02,  1.0109e-02]],

         [[-4.5788e-02,  5.9125e-02,  5.0016e-02],
          [ 4.8622e-02,  3.6582e-02, -3.0317e-02],
          [-1.2317e-03,  2.6402e-02,  1.4172e-02]],

         [[ 6.1115e-02,  2.8103e-02, -3.9557e-02],
          [-1.8553e-02,  6.0207e-02,  3.5518e-02],
          [ 2.6090e-02,  1.9136e-02,  3.3617e-02]],

         [[-2.4804e-02, -3.6067e-02, -2.8135e-03],
          [ 1.3222e-03,  6.8905e-03,  3.3853e-02],
          [ 3.2999e-02,  2.5859e-02, -3.6890e-02]],

         [[-9.6757e-03, -2.2626e-03,  1.9998e-02],
          [-2.2665e-02, -4.2436e-03,  3.6468e-02],
          [ 2.5168e-02,  1.3517e-02, -5.8000e-02]],

         [[-9.3566e-03,  5.8417e-02, -8.2216e-03],
          [ 3.0538e-02, -1.2104e-02,  4.8383e-02],
          [ 2.9135e-02, -5.1046e-03,  5.3809e-02]],

         [[ 4.1815e-02, -1.9526e-03, -1.8246e-02],
          [ 2.1676e-02, -2.1305e-02, -1.4266e-02],
          [-3.8193e-02,  3.9713e-02,  1.8066e-02]],

         [[-2.0535e-02,  2.7715e-02,  3.8368e-02],
          [-2.6210e-02,  3.9373e-02, -3.3188e-02],
          [-8.5040e-03,  6.3188e-03, -2.1553e-02]],

         [[ 1.1287e-01,  7.1140e-02, -1.3284e-02],
          [-2.8659e-02, -6.9751e-02, -5.4264e-02],
          [-4.5785e-03,  2.4662e-03, -4.2308e-02]],

         [[ 1.7856e-02,  3.4138e-02,  1.4574e-02],
          [ 2.0070e-02, -1.9877e-02,  1.9963e-02],
          [-2.2366e-02, -1.1382e-02, -2.1097e-02]],

         [[ 3.6291e-02,  2.6648e-02, -4.6485e-02],
          [-1.9065e-02,  2.0626e-02,  2.4650e-02],
          [-3.1297e-02,  2.3392e-02, -3.1005e-02]],

         [[-8.3279e-03,  7.5522e-02, -2.2259e-02],
          [-3.9825e-03,  7.3204e-02, -2.7858e-02],
          [-8.5456e-03, -2.8160e-02, -4.8127e-02]],

         [[-2.5903e-02,  3.0257e-01,  5.3311e-02],
          [-4.0891e-02, -9.7866e-02, -5.6720e-02],
          [-8.2346e-03,  7.8613e-03, -4.8925e-03]],

         [[-3.1032e-02, -1.2577e-02, -5.1741e-02],
          [ 2.5970e-02,  4.6671e-02, -3.2510e-02],
          [ 3.3189e-02, -6.6088e-03,  1.4766e-02]],

         [[ 1.7015e-02, -5.0750e-02,  1.7158e-02],
          [-2.9210e-03, -9.5639e-02, -2.8517e-02],
          [ 1.5796e-03, -3.9145e-02, -3.7877e-02]],

         [[-2.5284e-03, -6.9701e-02,  7.4556e-02],
          [-4.4889e-02, -2.3723e-01,  1.6055e-01],
          [-2.0424e-02,  1.1401e-02,  1.7652e-02]],

         [[ 1.7457e-02,  3.7769e-02,  1.4232e-02],
          [ 2.9638e-02,  8.8450e-02, -2.3512e-02],
          [-8.7705e-03,  1.1988e-02, -3.5014e-03]],

         [[ 7.5962e-03,  2.2254e-02, -6.7992e-03],
          [-1.0564e-02, -9.5980e-02, -1.7810e-01],
          [ 2.9390e-02, -2.8397e-02,  4.0053e-02]],

         [[-3.8586e-02,  5.0499e-02, -3.2631e-02],
          [ 2.4096e-02, -1.2416e-02,  3.0376e-02],
          [-8.7605e-03,  7.8905e-02,  6.7769e-02]],

         [[ 2.2242e-02, -4.0924e-02,  9.8977e-03],
          [-8.9473e-03, -3.6023e-02, -1.3167e-02],
          [ 2.4813e-03,  1.9225e-02, -6.7545e-05]],

         [[-4.0944e-03, -4.8982e-02, -5.2068e-02],
          [-2.6834e-04, -6.3926e-03,  3.1382e-02],
          [-6.7518e-03,  5.5083e-02,  4.4886e-03]],

         [[ 1.3493e-02,  7.6963e-03,  5.9876e-04],
          [ 3.9951e-02, -1.9824e-01, -1.5336e-02],
          [ 1.5648e-01,  5.2500e-02,  8.5034e-04]],

         [[ 5.3477e-02,  1.8374e-02, -4.9583e-02],
          [ 2.5321e-02,  1.4607e-02, -8.6456e-03],
          [ 1.5269e-02, -4.2181e-02,  4.8993e-02]],

         [[-6.0440e-03,  1.6637e-02,  8.0891e-03],
          [ 7.7281e-02, -1.8023e-02, -2.9816e-02],
          [ 6.2843e-02, -5.9681e-02, -4.8075e-02]],

         [[-1.1744e-02, -4.6149e-02,  1.3636e-02],
          [ 5.3945e-02,  1.2812e-03, -1.3331e-02],
          [-2.2497e-02,  2.7625e-02,  8.3241e-03]]],


        [[[ 4.0768e-02, -5.8644e-02,  2.1146e-02],
          [-3.6369e-02,  3.5797e-02, -1.0583e-02],
          [ 4.9588e-02, -1.6991e-02, -5.2512e-02]],

         [[ 6.1650e-03,  7.0496e-02, -2.4471e-02],
          [ 2.4888e-02, -3.3255e-03, -1.8655e-02],
          [ 3.0785e-02, -2.4853e-03, -3.0946e-02]],

         [[ 4.0917e-02, -2.9427e-02, -1.5470e-02],
          [ 4.3397e-02, -1.2996e-02,  4.4893e-04],
          [ 1.2934e-02, -1.2872e-02, -2.9152e-02]],

         [[-2.2019e-02,  1.6413e-02, -1.2089e-02],
          [ 5.0451e-02,  9.4406e-03, -5.0002e-02],
          [ 4.4774e-02,  2.2675e-02,  1.6963e-02]],

         [[ 8.6409e-04,  4.1072e-02, -4.2363e-02],
          [-1.3855e-02, -5.5274e-02, -8.3848e-03],
          [-5.8913e-02,  5.0722e-02, -4.8504e-02]],

         [[-2.2453e-02, -3.7421e-02, -1.1689e-02],
          [-7.8068e-03, -2.4555e-03,  2.9958e-02],
          [ 3.0712e-02,  4.9908e-02, -2.8536e-02]],

         [[-3.6942e-02,  5.6746e-02,  2.2965e-02],
          [ 9.6732e-03,  8.7798e-03, -2.2971e-02],
          [ 4.9343e-02,  3.9603e-02,  7.5689e-02]],

         [[-4.0515e-03,  4.2837e-02,  4.5687e-03],
          [-2.4433e-03,  1.6912e-02,  5.1666e-02],
          [ 2.7092e-02,  5.3426e-02,  1.2215e-02]],

         [[ 2.6627e-02,  1.5846e-02,  4.5531e-02],
          [ 2.4170e-02, -3.3052e-03,  1.4049e-02],
          [-6.1434e-04, -2.4095e-02, -2.4181e-02]],

         [[-5.8030e-03,  4.4143e-02,  4.6570e-02],
          [ 3.9512e-02,  4.1808e-02, -2.3288e-02],
          [ 1.0992e-02,  6.3265e-02,  3.8371e-02]],

         [[-5.2247e-02, -3.9708e-02,  6.3123e-02],
          [-9.9910e-03, -5.0257e-02,  2.6690e-02],
          [ 2.2189e-02, -1.8399e-03,  4.2514e-02]],

         [[-8.0324e-03,  4.7533e-02,  1.9202e-02],
          [-2.8332e-03, -1.3895e-03,  6.2765e-02],
          [-2.9994e-02, -7.5610e-02, -1.3105e-02]],

         [[-2.6120e-02,  5.2366e-02,  2.4158e-02],
          [-4.5783e-02,  1.0907e-02,  3.9560e-02],
          [-1.3326e-02, -4.4238e-04, -3.0352e-02]],

         [[ 4.2424e-03, -5.9716e-02, -2.9887e-02],
          [ 1.5262e-02,  2.3282e-02, -4.3967e-02],
          [-8.7084e-03,  4.2031e-02,  5.7954e-02]],

         [[ 1.2966e-02,  5.0455e-02,  2.3768e-02],
          [-3.3268e-02,  1.1506e-02, -2.8090e-02],
          [-2.0231e-02, -5.4218e-02, -3.3352e-02]],

         [[ 1.4058e-01,  1.4027e-01, -2.9947e-02],
          [-6.6200e-02, -1.0033e-01, -4.4189e-02],
          [-1.4303e-02, -2.3194e-03,  4.8156e-03]],

         [[ 2.7257e-02, -8.2994e-04, -5.6037e-02],
          [ 4.2419e-02, -4.4169e-02, -2.3083e-02],
          [ 1.3755e-02, -2.0143e-02,  5.9274e-03]],

         [[-2.3204e-02, -1.2168e-02, -6.3886e-02],
          [ 2.6428e-03,  1.0804e-02,  3.3041e-02],
          [ 2.0700e-03,  4.9776e-02,  6.4881e-03]],

         [[ 1.3437e-02, -3.2183e-02,  6.7933e-04],
          [-4.6403e-03, -4.3565e-02,  6.2965e-02],
          [ 3.4477e-02,  2.5141e-02, -5.6409e-02]],

         [[ 1.1261e-02,  3.0181e-01,  7.7230e-02],
          [-2.4049e-02, -7.9932e-02, -5.5300e-02],
          [-8.1942e-03,  1.2825e-02, -1.1651e-02]],

         [[ 3.4463e-03,  2.1519e-02,  7.7305e-03],
          [ 3.6265e-02, -4.1734e-02, -5.2985e-04],
          [-9.1108e-03, -3.8645e-02, -4.3198e-02]],

         [[ 3.5006e-02, -6.1759e-02,  3.5619e-02],
          [ 5.5960e-03, -1.6556e-01, -3.2025e-02],
          [ 1.3513e-02, -8.4974e-02, -7.3392e-02]],

         [[-2.3821e-03, -5.2420e-02,  6.4229e-02],
          [-4.8515e-02, -2.3664e-01,  1.4395e-01],
          [-9.9125e-03,  1.6833e-02,  1.2455e-02]],

         [[-3.4591e-02,  5.3873e-02, -4.8208e-02],
          [ 2.5732e-02, -1.3241e-02,  2.0192e-02],
          [ 3.5668e-02,  4.6098e-02, -4.5056e-02]],

         [[-1.6816e-02,  2.7635e-03, -4.7231e-03],
          [-4.6921e-04,  4.1203e-02, -7.7411e-02],
          [-1.4876e-02, -1.0569e-02,  4.2538e-02]],

         [[ 2.2365e-02, -3.0520e-02, -1.3214e-02],
          [-5.2567e-02, -3.9028e-03,  5.6823e-04],
          [ 3.7126e-02,  4.9256e-02, -3.6122e-02]],

         [[ 5.7342e-02, -5.0775e-02,  1.0254e-02],
          [ 3.7016e-02,  4.7452e-02,  5.3449e-02],
          [-1.3167e-02,  6.1571e-02,  1.1183e-02]],

         [[ 3.8992e-02, -5.6950e-02, -4.8683e-02],
          [ 1.1595e-03, -2.4644e-02,  1.6432e-02],
          [ 8.6945e-03,  1.2250e-02,  2.5315e-02]],

         [[ 1.5144e-02,  5.6494e-03, -8.5678e-03],
          [ 4.3516e-02, -1.7445e-01, -2.0130e-02],
          [ 1.6057e-01,  4.0716e-02,  6.1332e-03]],

         [[ 3.3550e-02, -4.4918e-02,  4.6477e-02],
          [ 5.0284e-02,  3.6080e-02,  1.4709e-02],
          [-2.0158e-02, -3.1623e-02,  6.0769e-02]],

         [[ 4.1589e-03,  2.1783e-02, -1.2651e-02],
          [ 6.8724e-02, -3.7806e-02,  1.8055e-02],
          [ 6.5690e-02, -6.4948e-02, -6.4226e-02]],

         [[-3.6324e-02, -1.4445e-02,  2.9838e-02],
          [-4.0255e-02,  6.0207e-02, -2.3070e-02],
          [-1.6980e-03,  3.1996e-02, -8.0860e-03]]]], device='cuda:0')

----------------------colour_head.0.bias----------------------
tensor([-0.0058, -0.0358, -0.0333], device='cuda:0')

----------------------blending_mask_head.0.weight----------------------
tensor([[[[ 3.8292e-03, -2.3818e-02,  4.2133e-02],
          [-3.3635e-02,  3.3009e-02,  4.3366e-02],
          [-1.5707e-02, -1.1056e-02,  1.8397e-02]],

         [[-3.1900e-02,  1.6555e-02, -1.7171e-02],
          [-1.4632e-02, -4.6695e-02,  4.7405e-02],
          [-5.0946e-02, -1.0634e-02,  2.4008e-02]],

         [[-4.1016e-02,  4.7471e-03,  5.6743e-02],
          [ 1.7127e-02,  4.0760e-02, -4.4493e-02],
          [ 3.0758e-02,  2.7976e-03,  6.7925e-03]],

         [[-2.1566e-02, -1.2902e-02,  3.6027e-02],
          [ 3.6061e-02, -4.6188e-02,  5.0397e-02],
          [ 5.5765e-02, -2.0682e-02,  7.6550e-03]],

         [[ 3.2125e-02, -5.7558e-02,  2.1691e-02],
          [ 5.1730e-02, -1.6690e-02, -4.8346e-02],
          [-3.6468e-02,  3.7555e-02, -3.7992e-03]],

         [[-3.1976e-03,  9.3628e-03,  2.0100e-02],
          [ 3.4510e-02,  2.6817e-03, -5.7336e-02],
          [ 3.8525e-02,  3.7060e-02,  4.0734e-03]],

         [[-3.2959e-02, -1.3062e-02,  2.5942e-02],
          [ 4.3724e-02, -5.2641e-02,  9.8341e-03],
          [ 5.3096e-03,  1.3792e-02, -1.4492e-02]],

         [[-5.1509e-03, -5.7120e-02, -4.5715e-03],
          [-4.9492e-02,  5.0392e-02,  2.3317e-02],
          [ 2.1652e-02, -3.0578e-02, -2.4750e-02]],

         [[ 6.6913e-03, -1.0293e-02, -9.0235e-04],
          [ 5.7676e-03,  4.0700e-04, -5.0635e-02],
          [ 5.6326e-02, -2.4705e-02,  8.1143e-03]],

         [[-3.8232e-02,  5.1918e-02, -2.7394e-02],
          [ 3.2390e-02,  2.2474e-02, -1.0178e-02],
          [ 1.3345e-02, -4.3490e-02, -5.3049e-02]],

         [[ 3.1961e-02,  3.6966e-02, -4.8615e-02],
          [-1.9721e-02, -5.4254e-02, -4.8713e-02],
          [ 9.4982e-03, -1.4126e-02,  5.6385e-02]],

         [[ 4.3998e-02, -3.4813e-02,  4.7980e-02],
          [ 3.4389e-02,  5.2353e-02, -1.6069e-02],
          [-2.4913e-03, -3.1856e-02, -2.7046e-02]],

         [[ 5.3756e-02,  4.5061e-02, -5.8770e-02],
          [ 3.0706e-02, -2.1265e-02, -4.6331e-02],
          [ 2.6976e-02,  9.7376e-03, -1.6618e-02]],

         [[ 5.8721e-02, -3.6517e-02,  3.5050e-02],
          [ 3.6885e-02, -2.9280e-02,  3.2748e-02],
          [-2.9344e-02, -2.7205e-02,  4.0258e-02]],

         [[ 4.9484e-02, -3.9677e-02,  5.6936e-02],
          [-5.6389e-02,  2.4451e-02, -5.1845e-02],
          [-1.1474e-02, -4.9468e-02,  4.7742e-02]],

         [[-3.4637e-02, -5.2112e-02, -2.5717e-02],
          [ 3.7508e-02,  2.2572e-02,  2.4031e-02],
          [ 4.3596e-02, -1.4356e-02,  3.2244e-02]],

         [[-5.3732e-02, -4.7024e-02,  3.2458e-02],
          [-4.2276e-02,  1.6599e-02,  1.8116e-02],
          [ 3.4208e-02,  4.3478e-02,  1.4858e-02]],

         [[-4.6730e-03, -5.1309e-02, -2.9988e-02],
          [-1.5009e-02,  2.4722e-02, -3.6166e-02],
          [-1.5680e-02, -1.2948e-03, -7.7945e-04]],

         [[-4.1571e-02,  3.4286e-02,  7.3336e-03],
          [ 5.0029e-02, -4.4620e-02,  3.8782e-04],
          [ 1.7087e-02,  2.7828e-02, -4.6003e-02]],

         [[-2.7221e-02, -2.3826e-04, -3.7166e-02],
          [-4.6903e-02,  7.5454e-03,  3.4191e-02],
          [-5.7036e-02, -1.8628e-02, -5.8299e-02]],

         [[ 1.0492e-02,  2.0076e-02, -5.3673e-02],
          [ 1.5518e-02, -1.9747e-02, -1.1022e-02],
          [-4.4053e-02, -6.7976e-03,  2.7537e-02]],

         [[-3.2251e-02, -2.0435e-02, -3.4894e-02],
          [-2.7106e-02,  4.9231e-02,  4.0206e-02],
          [-2.6620e-02,  5.8257e-02,  2.2115e-02]],

         [[ 1.9063e-02, -4.5086e-02, -1.4642e-02],
          [ 5.2047e-02,  3.8925e-02,  3.0392e-02],
          [-2.8381e-02, -1.4622e-02,  2.4339e-02]],

         [[ 1.9925e-02, -1.8051e-02, -2.9947e-02],
          [-4.7556e-02, -4.6942e-02, -2.4364e-02],
          [ 3.1081e-02, -2.8656e-02,  1.9180e-02]],

         [[-4.1334e-02, -1.8556e-03, -3.5184e-02],
          [-2.7217e-02,  3.5470e-02,  1.5600e-02],
          [ 5.1993e-02,  1.5030e-02,  1.4775e-03]],

         [[ 4.7799e-02, -4.1305e-02,  3.4046e-02],
          [-1.5902e-04, -1.7156e-03, -3.6545e-02],
          [-2.6645e-04, -3.7892e-02,  3.3961e-02]],

         [[-3.9134e-02, -6.0324e-03,  5.5844e-02],
          [-4.9825e-03, -4.7262e-02,  1.4819e-02],
          [ 1.5168e-02, -2.9269e-02, -5.0283e-02]],

         [[-5.8857e-02, -3.1823e-02,  1.5404e-03],
          [-5.2833e-02, -4.9355e-02,  1.8132e-02],
          [-4.7565e-02,  3.7006e-04,  1.6107e-02]],

         [[ 5.2304e-02, -9.8743e-05,  1.4547e-02],
          [ 4.5515e-02,  1.5156e-02,  5.2477e-02],
          [-8.8480e-03,  5.8018e-02, -3.6679e-02]],

         [[ 4.0859e-02,  9.0458e-03, -2.3854e-03],
          [ 5.6416e-02,  2.8499e-02,  9.0744e-03],
          [-1.3746e-02,  5.0382e-02,  3.6790e-03]],

         [[ 1.3639e-02, -3.9067e-03, -2.2013e-02],
          [-3.1424e-02,  3.2275e-02,  1.0600e-02],
          [ 9.5203e-03,  2.8448e-03, -2.1418e-02]],

         [[-2.3858e-03, -2.9633e-02,  6.0151e-03],
          [ 2.7043e-02, -5.6276e-02,  5.0676e-02],
          [-1.7387e-02,  4.7053e-02,  4.8354e-02]]]], device='cuda:0')

----------------------blending_mask_head.0.bias----------------------
tensor([0.0258], device='cuda:0')
