
----------------------input_conv.weight----------------------
tensor([[[[ 9.5786e-02,  1.0284e-01, -1.0519e-02],
          [ 1.1561e-01, -1.9935e-03,  3.9795e-02],
          [-3.1155e-02,  8.3368e-02,  1.1159e-01]],

         [[-6.6608e-02,  1.0288e-01,  2.9976e-02],
          [ 9.1919e-02,  3.1783e-02,  6.5649e-02],
          [ 6.3021e-05,  9.8370e-02,  2.9896e-02]],

         [[-4.0963e-02,  3.6190e-02, -4.0127e-02],
          [-1.9140e-03, -2.7877e-02,  8.2090e-02],
          [-7.2391e-02, -3.4837e-02, -1.8700e-02]],

         ...,

         [[-2.7260e-02,  4.3157e-02, -1.0095e-02],
          [ 9.5305e-02, -5.2283e-02, -5.2180e-02],
          [-5.6794e-02,  1.0248e-01,  4.3702e-02]],

         [[ 1.1312e-01, -7.3379e-02, -8.9992e-02],
          [-7.2991e-02, -5.9032e-02,  5.5129e-02],
          [ 4.4240e-02,  9.5943e-02, -4.5105e-02]],

         [[-8.4920e-02,  4.1420e-02, -5.8225e-02],
          [ 5.1708e-02, -3.8940e-02,  4.5326e-02],
          [-9.3414e-02, -6.6172e-02,  1.8394e-02]]],


        [[[ 1.1735e-02, -5.5202e-02,  3.7889e-02],
          [ 5.6500e-02, -1.1371e-01, -8.7487e-02],
          [ 1.0856e-01, -4.5662e-02, -4.9669e-02]],

         [[-1.1931e-01, -1.0102e-01, -9.2647e-03],
          [-2.4919e-02, -1.2192e-01, -3.9608e-02],
          [-4.0716e-02, -9.3027e-02, -7.0626e-02]],

         [[-1.3148e-01, -1.3001e-01,  4.9050e-02],
          [-2.2637e-03, -3.2751e-02, -1.6630e-01],
          [-2.1755e-02, -7.5708e-02, -3.6973e-02]],

         ...,

         [[-5.3126e-02,  1.1569e-01, -5.5068e-02],
          [ 7.9768e-02,  5.6703e-02,  5.4674e-02],
          [-3.9085e-02,  1.1266e-01,  4.1650e-02]],

         [[ 3.7493e-02, -7.7056e-02,  6.1984e-02],
          [ 1.3260e-02, -2.7182e-02,  1.1025e-01],
          [ 5.1641e-02, -3.5717e-02, -3.1575e-02]],

         [[-1.7762e-02,  4.7654e-02, -3.7552e-02],
          [-7.0464e-02, -4.5472e-02, -8.8048e-02],
          [ 2.8665e-02,  7.2838e-02, -1.0839e-01]]],


        [[[ 4.0603e-02,  7.8807e-02,  4.6760e-02],
          [-1.7479e-02,  8.3343e-02,  8.4529e-02],
          [ 5.1085e-02,  5.2908e-04, -7.6567e-03]],

         [[ 2.1854e-02,  2.7223e-03, -6.1593e-03],
          [ 8.1086e-02,  1.1538e-01,  1.5501e-02],
          [-2.1338e-02,  1.4021e-02,  7.7808e-03]],

         [[ 4.0206e-02,  5.6977e-02, -6.4434e-02],
          [-2.1392e-02,  1.1917e-01,  7.2804e-02],
          [-1.5677e-03, -4.6600e-02, -4.5669e-02]],

         ...,

         [[-4.9634e-02, -2.5995e-03, -5.3719e-02],
          [-6.1483e-02,  4.6157e-02, -1.5957e-02],
          [ 6.8901e-02, -2.5859e-02, -6.7000e-02]],

         [[-8.7646e-03, -3.6185e-02, -1.3811e-02],
          [-9.6304e-02,  6.6828e-02, -6.1672e-02],
          [ 5.1310e-02,  5.0412e-02,  8.0497e-02]],

         [[-9.1089e-02,  6.1991e-02, -6.6189e-02],
          [ 3.1926e-02,  8.8655e-02, -2.7151e-02],
          [-7.4268e-03, -3.3016e-02, -9.7940e-02]]],


        ...,


        [[[-1.1555e-03, -1.8623e-02, -2.4689e-02],
          [ 1.9377e-02,  1.1213e-01,  6.8088e-02],
          [ 7.2773e-02,  5.7508e-02,  9.8584e-02]],

         [[-1.8968e-02, -1.6958e-02, -4.2261e-03],
          [-9.6054e-02, -9.3240e-02,  4.6627e-03],
          [-3.7400e-02,  4.8804e-03, -1.3661e-02]],

         [[-1.2024e-02,  3.2102e-02, -7.0489e-02],
          [ 5.8951e-02,  5.4123e-02, -1.0818e-01],
          [-9.8398e-02, -9.8574e-02, -6.5307e-02]],

         ...,

         [[ 4.4367e-02,  8.8575e-02, -3.8399e-02],
          [-1.4501e-02,  3.7237e-02,  2.1029e-02],
          [ 9.5837e-02, -4.5016e-02,  7.0038e-03]],

         [[ 3.3066e-02, -1.5096e-02,  8.4208e-02],
          [ 2.7245e-02, -8.1682e-02,  5.7631e-03],
          [-2.8692e-02,  2.9511e-02,  7.6969e-03]],

         [[-1.2540e-01, -3.8651e-02, -2.9212e-02],
          [-5.1389e-02,  7.7123e-02, -4.3023e-02],
          [ 4.8666e-02,  7.0525e-03, -1.0870e-01]]],


        [[[ 4.1428e-02,  1.0509e-01, -5.4185e-02],
          [-5.2830e-02,  1.2028e-01,  9.8284e-02],
          [-4.5428e-02,  7.8365e-02, -2.6116e-03]],

         [[-8.8936e-02,  2.4520e-02,  4.7214e-02],
          [-1.9597e-02,  5.0963e-02, -7.9801e-02],
          [ 8.1205e-02,  9.9916e-02,  6.3716e-02]],

         [[ 3.5585e-02,  5.4542e-02, -6.0222e-02],
          [-1.3236e-02,  5.6153e-03, -4.7215e-02],
          [-7.0766e-02,  8.0021e-02,  7.5959e-02]],

         ...,

         [[ 2.4139e-02, -7.7660e-02, -8.7991e-02],
          [ 5.5186e-02,  9.7350e-02, -8.5643e-02],
          [ 4.3854e-02, -7.2762e-02,  1.1727e-02]],

         [[ 1.0828e-01,  9.1771e-02, -6.4530e-02],
          [ 7.1761e-02,  6.2346e-02,  7.9646e-03],
          [ 1.0564e-01, -3.7801e-02, -1.9994e-02]],

         [[-3.9219e-02,  2.7929e-02,  4.0186e-02],
          [ 2.4321e-02, -4.4114e-02, -3.2300e-02],
          [ 5.2220e-02, -7.6415e-02, -2.3467e-04]]],


        [[[ 8.4251e-03, -3.1449e-02,  4.8270e-02],
          [ 1.6790e-02,  8.4365e-02,  4.1355e-04],
          [-5.8435e-02,  8.3288e-02,  2.3140e-02]],

         [[-1.9893e-02, -5.8517e-02,  3.4318e-02],
          [-9.0969e-02,  3.7934e-02,  6.1669e-02],
          [-8.4909e-02, -6.0550e-02, -6.7762e-02]],

         [[ 9.8045e-02,  9.9770e-02,  1.5463e-02],
          [ 1.0773e-01, -2.5762e-02, -9.3488e-02],
          [ 4.3581e-02,  4.5033e-02,  1.1057e-01]],

         ...,

         [[-4.5515e-02, -2.8055e-02,  5.9443e-03],
          [-6.0744e-02,  1.3953e-02, -2.6454e-03],
          [ 4.3400e-02,  2.7830e-02,  8.0501e-02]],

         [[ 1.7811e-03, -7.1756e-02,  5.2412e-02],
          [-6.7851e-02, -1.0530e-02, -3.0840e-02],
          [-3.8712e-02, -3.7374e-02,  9.7538e-02]],

         [[ 6.8155e-02,  3.6506e-02,  1.0659e-01],
          [-8.5559e-02,  2.6704e-02,  7.7698e-02],
          [ 8.0888e-02, -7.3106e-02,  4.8874e-02]]]], device='cuda:0')

----------------------input_conv.bias----------------------
tensor([-0.0414,  0.0109,  0.0042, -0.0261, -0.0653, -0.0201,  0.0525,  0.0475,
        -0.0425, -0.0467,  0.0124, -0.0616,  0.0843,  0.1029,  0.0104, -0.0796],
       device='cuda:0')

----------------------body.0.weight----------------------
tensor([[[[ 0.0313,  0.0455,  0.0802],
          [-0.0316, -0.0585,  0.0524],
          [ 0.0156, -0.0132, -0.0204]],

         [[-0.0574,  0.0373, -0.0421],
          [ 0.0387,  0.0430, -0.0204],
          [ 0.0021, -0.0302,  0.0313]],

         [[-0.0664,  0.0512,  0.0074],
          [ 0.0537,  0.0269, -0.0024],
          [ 0.0031,  0.0669, -0.0357]],

         ...,

         [[-0.0473,  0.0232, -0.0049],
          [-0.0326,  0.0407,  0.0075],
          [-0.0064, -0.0346, -0.0043]],

         [[-0.0592,  0.0356,  0.0162],
          [ 0.0590,  0.0188,  0.0184],
          [ 0.0279,  0.0731, -0.0312]],

         [[ 0.0621,  0.0343, -0.0453],
          [ 0.0419, -0.0353, -0.0150],
          [-0.0283, -0.0436,  0.0755]]],


        [[[-0.0525,  0.0631, -0.0557],
          [ 0.0118,  0.0277,  0.0798],
          [-0.0109,  0.0443,  0.0326]],

         [[ 0.0323, -0.0025,  0.0493],
          [-0.0732, -0.0871,  0.0779],
          [-0.0582, -0.0347, -0.0082]],

         [[ 0.1050,  0.0034, -0.0461],
          [ 0.0062,  0.0696,  0.0553],
          [ 0.0943,  0.0127,  0.0660]],

         ...,

         [[ 0.0131,  0.0849, -0.0060],
          [ 0.0366,  0.0799, -0.0463],
          [-0.0426, -0.0149,  0.0808]],

         [[ 0.0730, -0.0428,  0.0271],
          [-0.0288, -0.0240,  0.0838],
          [ 0.0492, -0.0130,  0.0195]],

         [[ 0.0134,  0.0146, -0.0355],
          [-0.0508,  0.0514,  0.0046],
          [ 0.0320, -0.0355,  0.0338]]],


        [[[ 0.0727,  0.0635,  0.0350],
          [ 0.0933,  0.0115,  0.0279],
          [ 0.0878,  0.0891, -0.0267]],

         [[ 0.0485,  0.0129, -0.0309],
          [ 0.0469, -0.0637,  0.0305],
          [ 0.0630, -0.0678, -0.0620]],

         [[-0.0621,  0.0028, -0.0608],
          [-0.0111,  0.0416,  0.0749],
          [ 0.0574,  0.0561,  0.0448]],

         ...,

         [[-0.0580,  0.0409,  0.0777],
          [-0.0811,  0.0585,  0.0125],
          [ 0.0092,  0.0730,  0.0741]],

         [[ 0.0409,  0.0678,  0.0395],
          [ 0.0164, -0.0739,  0.0179],
          [-0.0597,  0.0220,  0.0129]],

         [[ 0.0029, -0.0564, -0.0507],
          [ 0.0622,  0.0409,  0.0434],
          [-0.0268, -0.0165, -0.0240]]],


        ...,


        [[[ 0.0931, -0.0613,  0.0917],
          [-0.0546, -0.0054, -0.0184],
          [-0.0353,  0.0426,  0.0623]],

         [[-0.0611, -0.0620,  0.0157],
          [-0.0124, -0.0005,  0.0141],
          [-0.0218, -0.0530,  0.0092]],

         [[-0.0201, -0.0380, -0.0217],
          [-0.0267,  0.1043,  0.0426],
          [ 0.0406,  0.0254, -0.0351]],

         ...,

         [[ 0.0780,  0.0661,  0.0074],
          [-0.0453, -0.0687,  0.0814],
          [-0.0388, -0.0078, -0.0581]],

         [[-0.0491,  0.0297, -0.0059],
          [ 0.0154,  0.0100,  0.0172],
          [-0.0126,  0.0046,  0.0465]],

         [[ 0.0689,  0.0813, -0.0593],
          [-0.0626, -0.0010,  0.0033],
          [ 0.0517,  0.0873,  0.0293]]],


        [[[-0.0400,  0.0131,  0.0741],
          [ 0.0503, -0.0347,  0.0291],
          [-0.0622, -0.0099,  0.0817]],

         [[-0.0419,  0.0297, -0.0931],
          [ 0.0659,  0.0165,  0.0235],
          [ 0.0237, -0.0078, -0.0642]],

         [[-0.0247, -0.0299,  0.1000],
          [-0.0055,  0.0337, -0.0430],
          [ 0.0452,  0.0029, -0.0314]],

         ...,

         [[ 0.0566,  0.0515, -0.0618],
          [ 0.0005,  0.0549,  0.0116],
          [-0.0031, -0.0208,  0.1015]],

         [[-0.0462, -0.0386,  0.0864],
          [-0.0335,  0.0747, -0.0214],
          [ 0.0011, -0.0216,  0.0876]],

         [[ 0.0676,  0.0213,  0.0162],
          [-0.0213, -0.0267, -0.0160],
          [ 0.0321, -0.0017,  0.0676]]],


        [[[ 0.0235,  0.0136, -0.0383],
          [ 0.0437, -0.0627,  0.0315],
          [ 0.0354,  0.0226,  0.0649]],

         [[ 0.0072, -0.0348, -0.0606],
          [-0.0857,  0.0227,  0.0325],
          [-0.0608,  0.0146, -0.0381]],

         [[ 0.0849, -0.0080,  0.0848],
          [ 0.0855,  0.0783,  0.0815],
          [ 0.0379,  0.0475, -0.0531]],

         ...,

         [[-0.0216, -0.0471,  0.0275],
          [ 0.0352, -0.0114,  0.0593],
          [-0.0022, -0.0298, -0.0742]],

         [[ 0.0356, -0.0685,  0.0035],
          [ 0.0148, -0.0415,  0.0253],
          [ 0.0124,  0.0527,  0.0469]],

         [[-0.0599, -0.0573, -0.0325],
          [-0.0512,  0.0325, -0.0546],
          [-0.0562,  0.0296,  0.0503]]]], device='cuda:0')

----------------------body.0.bias----------------------
tensor([-0.0229, -0.0661, -0.0014,  0.0398,  0.0934,  0.0224,  0.0500, -0.0721,
         0.0874, -0.0648, -0.0430,  0.0544,  0.0045,  0.0458, -0.0448,  0.0563],
       device='cuda:0')

----------------------feature_head.weight----------------------
tensor([[[[ 0.0687,  0.0153,  0.0572],
          [-0.0662, -0.0252,  0.0174],
          [ 0.0407, -0.0517,  0.0439]],

         [[-0.0374, -0.0542,  0.0059],
          [-0.0739, -0.0839,  0.0189],
          [ 0.0173,  0.0201, -0.0248]],

         [[-0.0792, -0.0854,  0.0610],
          [-0.0896,  0.0077,  0.0499],
          [ 0.0451, -0.0712, -0.0458]],

         [[-0.0848,  0.0341, -0.0971],
          [-0.0935, -0.0718,  0.0516],
          [ 0.0408,  0.0434,  0.0512]],

         [[-0.0661, -0.0731, -0.0776],
          [-0.0001,  0.0052, -0.0097],
          [-0.0905, -0.0187, -0.0703]],

         [[-0.0369, -0.0320, -0.0147],
          [-0.0874,  0.0573, -0.0505],
          [ 0.0121,  0.0431,  0.0169]],

         [[ 0.0424,  0.0310,  0.0443],
          [ 0.0037,  0.0393, -0.0507],
          [-0.0571,  0.0272,  0.0084]],

         [[-0.0059, -0.0729,  0.0245],
          [ 0.0513, -0.0120,  0.0170],
          [ 0.0359, -0.0834, -0.0145]],

         [[-0.0479, -0.0599,  0.0330],
          [ 0.0657, -0.0041,  0.0337],
          [-0.0782, -0.0025, -0.0289]],

         [[-0.0620,  0.0075,  0.0182],
          [-0.0063,  0.0353,  0.0411],
          [ 0.0740,  0.0058,  0.0053]],

         [[-0.0149, -0.0020, -0.0678],
          [-0.0213, -0.0813, -0.0699],
          [-0.0827,  0.0498, -0.0609]],

         [[-0.0342, -0.0181,  0.0463],
          [ 0.0119, -0.0852,  0.0548],
          [-0.1060, -0.0166,  0.0478]],

         [[ 0.0807, -0.0099, -0.0459],
          [ 0.0498,  0.0778, -0.0311],
          [ 0.0069, -0.0313,  0.0492]],

         [[-0.0012,  0.0225, -0.0474],
          [-0.0948, -0.0491, -0.0795],
          [-0.0332,  0.0172, -0.0834]],

         [[-0.0238, -0.1003, -0.0797],
          [-0.0746, -0.0434, -0.0592],
          [-0.0030,  0.0350,  0.0443]],

         [[ 0.0106, -0.0160, -0.0307],
          [ 0.0440, -0.0603,  0.0465],
          [-0.0937, -0.0759,  0.0068]]]], device='cuda:0')

----------------------feature_head.bias----------------------
tensor([-0.0607], device='cuda:0')

----------------------colour_head.0.weight----------------------
tensor([[[[ 3.5547e-02,  1.0141e-01,  6.0455e-02],
          [ 1.0468e-01, -4.2950e-03, -1.6917e-02],
          [ 1.8507e-03,  1.2993e-04, -2.6810e-02]],

         [[ 2.8164e-02,  1.1110e-01, -1.2782e-02],
          [ 7.9948e-02,  7.7525e-02,  8.6130e-02],
          [ 4.2100e-02, -1.0419e-02,  5.7145e-02]],

         [[-1.9005e-02, -3.0036e-02,  9.6528e-02],
          [ 9.1506e-02, -3.5454e-02,  9.0247e-02],
          [ 3.6978e-02,  4.3073e-02,  1.0146e-01]],

         [[-1.0642e-02, -2.9791e-02,  5.4536e-02],
          [-1.8304e-02, -1.3784e-02, -2.5079e-02],
          [ 9.5339e-02,  5.7579e-02,  2.4953e-03]],

         [[-1.8766e-02, -1.0803e-02, -6.4866e-02],
          [ 1.0463e-03, -8.8552e-02, -2.6800e-02],
          [-3.5511e-02, -5.4735e-02,  5.6297e-02]],

         [[ 3.8608e-02,  6.2862e-02, -3.3944e-02],
          [ 3.1224e-02,  5.0044e-02,  6.8545e-02],
          [-2.5039e-02, -9.2510e-03, -5.9005e-02]],

         [[ 4.9588e-02,  5.7943e-02,  3.9292e-02],
          [ 4.7259e-02,  6.0800e-02,  8.7785e-02],
          [ 3.2014e-02,  4.0213e-02,  3.3368e-02]],

         [[-4.9130e-02,  1.8426e-02,  2.1642e-02],
          [-6.8486e-02, -2.6828e-02, -5.4656e-02],
          [-5.4653e-02,  5.6712e-02,  6.2385e-02]],

         [[-2.6868e-02,  9.5855e-03, -3.6904e-02],
          [ 5.9829e-03, -2.8578e-02, -6.0200e-02],
          [-4.8571e-02,  6.6231e-02, -5.3036e-03]],

         [[-3.8195e-02,  2.3505e-02, -7.7619e-02],
          [ 1.0417e-02,  8.4669e-02,  2.3214e-02],
          [ 1.7482e-02, -7.1194e-02, -1.0647e-02]],

         [[ 7.7045e-02, -3.2614e-02, -1.4202e-02],
          [ 8.9447e-02,  6.0084e-02,  6.9937e-02],
          [-5.2681e-02,  7.9926e-02,  4.5899e-03]],

         [[ 2.5097e-02,  7.1305e-02, -7.7858e-02],
          [ 2.6192e-02, -7.7992e-02,  5.5468e-02],
          [ 2.1656e-02, -5.7246e-05, -4.4678e-02]],

         [[ 1.0305e-02, -5.4029e-02,  1.3471e-02],
          [ 7.2047e-02, -4.9169e-02, -1.1735e-02],
          [ 2.4670e-03,  1.8053e-02,  4.9120e-03]],

         [[ 6.9390e-02, -1.5028e-02,  1.8824e-02],
          [ 6.0009e-02,  8.4680e-03,  6.6829e-02],
          [ 6.2473e-02,  5.3615e-02, -1.6610e-02]],

         [[ 1.1095e-01, -2.4122e-02,  4.2848e-02],
          [ 6.5306e-02,  8.9889e-02, -4.9850e-02],
          [ 5.7075e-02, -2.3844e-02,  5.5927e-02]],

         [[ 2.7224e-02, -5.7799e-02,  1.5282e-03],
          [ 2.6542e-02,  4.5315e-02,  8.4087e-02],
          [ 3.0821e-02,  1.0143e-02,  4.0980e-02]]],


        [[[-6.2377e-02,  7.4429e-02,  6.4217e-04],
          [ 6.5356e-02,  4.4221e-02,  6.5195e-03],
          [ 6.6984e-02, -3.9128e-02,  2.7231e-02]],

         [[ 5.2787e-02, -1.4716e-02,  4.0972e-02],
          [-6.4846e-02, -2.2801e-02,  5.7006e-02],
          [ 5.2618e-02, -6.7921e-02,  3.9251e-02]],

         [[ 1.9733e-02,  9.3591e-02, -7.0449e-02],
          [-5.0799e-03, -3.1309e-02, -3.6711e-02],
          [ 3.6918e-04, -6.1718e-02,  7.9369e-02]],

         [[-1.9216e-02,  3.9649e-02, -3.8373e-02],
          [ 1.6004e-02, -4.3962e-02,  7.9749e-02],
          [ 9.0473e-02,  8.5580e-02, -1.3582e-02]],

         [[ 5.1697e-02, -6.8932e-02,  3.9146e-02],
          [-1.3814e-02, -7.3492e-02, -7.0455e-02],
          [-7.7826e-02,  1.5440e-02, -3.0084e-02]],

         [[-1.0965e-02,  1.1090e-01, -1.2828e-03],
          [ 6.0776e-02,  2.2760e-02,  7.9850e-02],
          [ 3.3542e-02,  6.7291e-02,  3.4096e-02]],

         [[-6.3871e-03,  8.4982e-02,  2.7772e-03],
          [-3.4703e-02,  4.1635e-02,  3.0049e-03],
          [-4.5983e-02,  2.7261e-02, -6.3522e-03]],

         [[-2.0532e-02, -2.7573e-02, -2.4387e-02],
          [-1.9990e-02,  2.1500e-02,  9.2082e-02],
          [-3.3199e-02, -2.2964e-02, -4.2483e-02]],

         [[ 1.0912e-02,  1.9224e-02, -4.5653e-02],
          [ 5.3855e-02, -6.0973e-02,  8.8590e-02],
          [ 2.9562e-02,  3.6879e-03, -1.9850e-02]],

         [[ 2.5087e-02,  5.0077e-02, -7.8560e-02],
          [-1.0019e-02,  7.9226e-02, -1.5486e-02],
          [-5.3740e-02, -1.2327e-02,  7.3250e-03]],

         [[-4.7628e-03, -4.8284e-02, -4.7783e-02],
          [ 4.1015e-02,  7.5749e-02,  8.7568e-02],
          [ 3.1225e-03,  4.4013e-02, -5.8811e-02]],

         [[ 5.2201e-02,  8.2208e-02,  4.1631e-02],
          [-2.8476e-02,  6.6723e-02, -8.1326e-02],
          [-7.3481e-03, -2.3392e-02, -8.4786e-02]],

         [[-2.4918e-02, -3.2809e-02,  3.6102e-02],
          [ 2.5046e-02,  7.8438e-02,  6.7799e-03],
          [ 8.8257e-02,  3.6621e-02,  8.5843e-02]],

         [[ 8.0685e-02, -5.4874e-02, -4.6002e-02],
          [ 7.3185e-02,  1.0338e-01, -5.5483e-02],
          [ 1.9212e-02, -1.2875e-02,  8.7912e-02]],

         [[ 7.2146e-02,  5.7255e-02,  3.3964e-02],
          [ 1.4165e-02,  8.4573e-02, -4.7074e-02],
          [ 2.0478e-02, -1.9608e-02, -7.1988e-02]],

         [[-2.4491e-02,  3.7953e-02,  7.6642e-03],
          [-3.7969e-02,  9.6522e-03,  3.1118e-02],
          [-4.9503e-02,  5.8677e-02, -6.1711e-02]]],


        [[[ 8.9933e-03, -5.0593e-02, -6.2098e-02],
          [-2.2115e-03,  9.0249e-02,  8.6435e-02],
          [ 2.7545e-02,  6.6466e-02, -4.7975e-02]],

         [[ 4.2816e-02,  5.1441e-02, -7.6550e-02],
          [-6.9988e-02,  3.4073e-02,  6.9189e-03],
          [-6.7905e-02, -7.7105e-02,  5.1420e-02]],

         [[ 7.8184e-03,  2.5135e-03, -7.5813e-02],
          [ 7.1388e-02, -5.2590e-02,  4.0601e-02],
          [-1.3659e-02,  1.5463e-03,  4.1468e-02]],

         [[-2.1293e-02, -1.8603e-02,  7.4750e-02],
          [-5.4854e-02,  4.9989e-02, -7.0945e-03],
          [-1.4408e-02,  7.2818e-02,  2.9245e-02]],

         [[-7.1664e-02,  8.0120e-02, -3.7209e-02],
          [ 7.5869e-02, -2.3529e-02,  8.2209e-02],
          [ 3.4008e-02,  4.3758e-03,  3.7778e-02]],

         [[ 1.2054e-02, -1.2656e-02,  7.4979e-02],
          [ 7.3049e-02,  1.9885e-02,  1.0738e-01],
          [ 8.3117e-03, -3.1100e-02, -3.0453e-02]],

         [[ 6.2837e-02, -2.2707e-02,  6.3904e-02],
          [-7.1023e-02,  1.6886e-02, -4.3315e-02],
          [ 3.8660e-02,  7.9842e-02,  4.3946e-02]],

         [[-1.5503e-02, -6.4478e-02, -2.6771e-02],
          [-3.4413e-02,  9.4868e-02, -3.0952e-02],
          [ 4.7754e-02,  8.2929e-02,  4.3740e-02]],

         [[-5.9857e-02,  3.5942e-03, -1.3926e-02],
          [ 6.8877e-02,  6.0935e-03,  7.0514e-03],
          [ 8.7008e-02,  3.1914e-02,  4.8276e-02]],

         [[-5.6576e-02,  3.6354e-02, -6.9457e-03],
          [-4.0964e-02,  3.2280e-03, -7.9400e-02],
          [-2.3466e-02,  1.8997e-02, -9.6433e-02]],

         [[-5.2732e-02,  4.8193e-02, -1.7871e-03],
          [-7.0929e-03,  8.6896e-03, -4.0080e-02],
          [ 5.7484e-02, -1.7445e-02, -4.1273e-02]],

         [[ 5.0028e-02, -6.7752e-02, -1.9220e-02],
          [ 8.5840e-03, -3.1213e-02,  3.5493e-02],
          [-7.3952e-02, -3.2508e-02, -4.6088e-02]],

         [[ 9.3746e-02,  6.3207e-02, -3.3752e-02],
          [ 6.2855e-02,  4.0931e-02,  1.1502e-01],
          [ 7.4013e-02, -1.0520e-02,  1.0731e-01]],

         [[-3.4781e-03,  1.4709e-03,  4.0753e-02],
          [ 1.0139e-01,  4.9674e-02, -6.3062e-02],
          [-1.6698e-02,  9.0932e-02, -2.4102e-02]],

         [[-4.5651e-02, -6.9027e-02, -5.2089e-02],
          [-4.1298e-02,  2.0073e-02,  2.3197e-02],
          [ 7.6393e-02,  4.7127e-02, -1.4337e-02]],

         [[ 4.9965e-02,  6.0221e-02, -5.7756e-02],
          [ 4.6882e-02, -4.6424e-02,  7.4177e-02],
          [-3.8279e-02,  1.7177e-02,  8.4622e-04]]]], device='cuda:0')

----------------------colour_head.0.bias----------------------
tensor([ 0.0259,  0.0132, -0.0513], device='cuda:0')

----------------------blending_mask_head.0.weight----------------------
tensor([[[[ 4.6115e-02,  6.1302e-02, -3.1328e-02],
          [-4.1661e-02, -4.4323e-02, -2.8463e-02],
          [ 1.6581e-03,  1.8139e-02,  1.1259e-02]],

         [[-1.0843e-02,  6.1959e-02,  1.4581e-02],
          [-3.6343e-02, -1.0901e-02, -3.7967e-02],
          [-1.6892e-02, -6.7218e-02,  2.6175e-02]],

         [[-6.3983e-02,  3.3295e-02,  5.8349e-02],
          [-6.1141e-02, -4.2368e-02, -6.4116e-02],
          [ 2.3392e-02,  1.7780e-02, -4.1095e-02]],

         [[ 5.7936e-02,  4.2756e-02, -6.6886e-02],
          [ 3.4971e-03, -2.7296e-02, -5.8597e-03],
          [ 5.4782e-02, -9.6693e-05, -4.9630e-02]],

         [[ 1.0722e-01, -2.7357e-02,  1.9922e-02],
          [ 8.0621e-02,  1.2235e-01,  1.2937e-01],
          [ 2.8450e-02,  7.6124e-02, -2.5038e-02]],

         [[ 4.1504e-03, -5.3661e-03,  4.4170e-02],
          [-3.3113e-02,  3.9693e-02,  6.4459e-02],
          [ 8.6331e-02,  7.2750e-03,  9.7558e-02]],

         [[-7.2652e-02, -1.7778e-02,  3.7022e-02],
          [ 2.7632e-02,  4.5434e-02, -4.9596e-02],
          [ 5.7639e-02, -7.1896e-02, -5.1654e-02]],

         [[-1.4482e-02, -8.9537e-02, -8.7777e-02],
          [-8.3859e-02,  5.7258e-02,  8.8062e-03],
          [-3.6119e-02, -1.2780e-02, -8.2005e-02]],

         [[-7.6954e-02, -5.6483e-02, -7.9137e-02],
          [ 5.6858e-02, -2.7598e-02, -2.1117e-02],
          [-6.9794e-02,  1.5364e-02, -1.1175e-02]],

         [[-3.1753e-02,  7.7014e-02,  9.8764e-02],
          [-3.6546e-02,  6.7995e-02,  1.2861e-02],
          [ 2.2491e-02,  5.6517e-02,  1.0719e-02]],

         [[ 8.2843e-02,  6.3274e-02, -4.1255e-02],
          [-3.7844e-02, -6.9428e-02,  4.0178e-02],
          [-5.0221e-02, -5.7539e-02, -4.0595e-02]],

         [[-4.5289e-02, -3.0013e-02,  1.1287e-01],
          [ 8.4154e-02,  1.1230e-01, -1.3465e-03],
          [ 3.9823e-03,  9.5320e-03,  4.0922e-02]],

         [[-1.4633e-02,  5.5238e-02, -1.1441e-02],
          [ 5.3711e-02,  1.1680e-01,  5.3391e-02],
          [ 1.0275e-01, -1.7382e-02,  2.8581e-02]],

         [[-4.5984e-02, -4.0062e-03, -2.7846e-02],
          [-4.0470e-02, -7.3859e-02, -2.5277e-02],
          [ 1.7718e-02, -8.5893e-03, -7.2410e-02]],

         [[ 8.1635e-02,  8.4162e-02, -2.1675e-02],
          [ 2.7989e-02,  7.7511e-02, -4.8476e-02],
          [-5.3985e-02,  6.7018e-02,  2.5085e-02]],

         [[ 3.6622e-02, -2.4708e-02,  2.5011e-02],
          [ 6.6229e-02, -9.4405e-03, -1.6132e-02],
          [-6.8505e-02, -2.7246e-03,  6.3355e-02]]]], device='cuda:0')

----------------------blending_mask_head.0.bias----------------------
tensor([-0.0579], device='cuda:0')
