
----------------------input_conv.weight----------------------
tensor([[[[ 1.0697e-01,  1.2174e-01,  4.3218e-03],
          [ 1.3441e-01,  3.5630e-02,  5.8644e-02],
          [ 6.4645e-03,  1.2473e-01,  1.3281e-01]],

         [[-5.4206e-02,  1.1275e-01,  3.8438e-02],
          [ 9.9585e-02,  5.2908e-02,  7.4059e-02],
          [ 2.3651e-02,  1.2506e-01,  4.7793e-02]],

         [[-3.3613e-02,  3.4914e-02, -4.1734e-02],
          [-6.7273e-03, -2.7129e-02,  6.9465e-02],
          [-6.3282e-02, -2.5675e-02, -1.9052e-02]],

         ...,

         [[-2.0383e-02,  4.9807e-02,  2.1560e-03],
          [ 1.0018e-01, -3.8210e-02, -3.3489e-02],
          [-4.8153e-02,  1.1745e-01,  7.0687e-02]],

         [[ 1.1082e-01, -7.0453e-02, -7.6503e-02],
          [-7.9569e-02, -5.3062e-02,  7.0453e-02],
          [ 3.7360e-02,  9.9373e-02, -2.5791e-02]],

         [[-7.7393e-02,  5.2483e-02, -4.5514e-02],
          [ 5.8058e-02, -2.8662e-02,  5.6536e-02],
          [-9.0689e-02, -6.0220e-02,  2.4944e-02]]],


        [[[ 4.1191e-02, -3.1177e-02,  3.4925e-02],
          [ 7.5432e-02, -5.0198e-02, -3.0587e-02],
          [ 1.2168e-01,  7.5352e-03, -2.0759e-02]],

         [[-1.0458e-01, -8.6987e-02, -6.1334e-03],
          [-3.4601e-02, -8.3436e-02,  7.7839e-03],
          [-5.1277e-02, -6.7393e-02, -5.8540e-02]],

         [[-1.2926e-01, -1.2272e-01,  4.9678e-02],
          [-4.0393e-02, -1.7064e-02, -1.3421e-01],
          [-7.1611e-02, -4.4114e-02, -1.0457e-02]],

         ...,

         [[-4.9673e-02,  1.0488e-01, -6.7763e-02],
          [ 7.5199e-02,  5.0841e-02,  4.9235e-02],
          [-2.9684e-02,  1.2095e-01,  5.1311e-02]],

         [[ 4.9304e-02, -7.1940e-02,  6.8446e-02],
          [ 2.3179e-02, -1.3451e-02,  1.2764e-01],
          [ 8.1048e-02, -5.5436e-03,  6.0922e-04]],

         [[-4.3173e-02,  2.1479e-02, -6.1297e-02],
          [-9.5140e-02, -7.0267e-02, -1.1153e-01],
          [ 3.5591e-03,  4.6149e-02, -1.3365e-01]]],


        [[[ 5.1243e-02,  9.9841e-02,  7.5284e-02],
          [ 1.1869e-02,  1.2028e-01,  1.1643e-01],
          [ 5.9040e-02,  1.6136e-02,  1.3999e-02]],

         [[ 1.0890e-02, -3.1325e-03, -5.4392e-03],
          [ 8.3289e-02,  1.2470e-01,  2.2019e-02],
          [-3.2469e-02,  1.1084e-02,  1.0327e-02]],

         [[ 4.0885e-02,  6.1962e-02, -5.6882e-02],
          [-7.1727e-03,  1.4164e-01,  8.7914e-02],
          [ 6.2939e-04, -3.6535e-02, -3.4763e-02]],

         ...,

         [[-3.8138e-02,  1.2038e-02, -3.4621e-02],
          [-4.4092e-02,  6.4043e-02,  1.0326e-02],
          [ 7.3297e-02, -1.1389e-02, -4.7137e-02]],

         [[-8.2408e-03, -3.0307e-02, -1.2811e-03],
          [-9.3599e-02,  7.2460e-02, -4.5475e-02],
          [ 3.7795e-02,  4.8760e-02,  8.7490e-02]],

         [[-8.6904e-02,  7.0594e-02, -5.4528e-02],
          [ 3.1780e-02,  9.2567e-02, -2.0626e-02],
          [-1.0066e-02, -3.2578e-02, -9.5801e-02]]],


        ...,


        [[[ 2.1927e-02,  3.1547e-02,  8.3295e-03],
          [ 6.2202e-02,  1.9290e-01,  1.3867e-01],
          [ 1.2470e-01,  1.1917e-01,  1.5962e-01]],

         [[-1.4784e-01, -1.3276e-01, -1.1719e-01],
          [-2.0018e-01, -1.7278e-01, -7.9325e-02],
          [-1.3019e-01, -8.5731e-02, -9.9790e-02]],

         [[ 2.7939e-02,  6.9976e-02, -2.7732e-02],
          [ 1.0838e-01,  1.1679e-01, -3.7610e-02],
          [-3.8660e-02, -3.4647e-02,  4.4029e-03]],

         ...,

         [[ 5.4373e-02,  1.1003e-01, -4.1238e-02],
          [-1.3847e-02,  4.2654e-02,  2.7072e-02],
          [ 9.3740e-02, -4.5563e-02, -7.5464e-03]],

         [[ 1.9296e-02, -2.0699e-02,  5.7831e-02],
          [ 2.0204e-02, -8.3847e-02,  2.4723e-03],
          [-3.3266e-02,  2.7558e-02, -1.0218e-02]],

         [[-9.4532e-02, -1.0345e-02, -2.6188e-03],
          [-1.9111e-02,  1.0769e-01, -1.3026e-02],
          [ 7.8459e-02,  3.6377e-02, -7.8977e-02]]],


        [[[ 6.6547e-02,  1.2044e-01, -5.2839e-02],
          [-4.0643e-02,  1.4247e-01,  1.0631e-01],
          [-2.5524e-02,  1.2136e-01,  1.0778e-02]],

         [[-7.9905e-02,  2.8940e-02,  3.6762e-02],
          [-3.4105e-02,  5.0660e-02, -9.0972e-02],
          [ 7.6068e-02,  1.1135e-01,  4.9575e-02]],

         [[ 7.2517e-02,  9.1078e-02, -3.6971e-02],
          [-1.6874e-02,  1.4807e-02, -4.4590e-02],
          [-6.9373e-02,  8.8510e-02,  6.6230e-02]],

         ...,

         [[ 3.2396e-02, -5.6331e-02, -6.5237e-02],
          [ 5.7453e-02,  1.1028e-01, -6.7469e-02],
          [ 4.9504e-02, -5.2747e-02,  3.6790e-02]],

         [[ 1.0662e-01,  1.0400e-01, -4.9095e-02],
          [ 5.6663e-02,  6.1589e-02,  1.5857e-02],
          [ 9.0705e-02, -3.5290e-02, -8.9431e-03]],

         [[-4.1831e-02,  2.6416e-02,  3.9080e-02],
          [ 2.1348e-02, -4.6085e-02, -3.3350e-02],
          [ 4.7794e-02, -8.0026e-02, -2.6947e-03]]],


        [[[-7.2867e-02, -1.9834e-02,  6.9711e-03],
          [ 1.1334e-02,  2.2728e-01,  2.3816e-01],
          [ 6.6182e-03,  5.9112e-02,  2.0051e-02]],

         [[-1.6601e-02, -7.1599e-02, -2.9612e-02],
          [-2.4052e-02,  2.1560e-01,  2.5710e-01],
          [-4.9935e-02, -9.5919e-02, -9.0457e-02]],

         [[ 9.0683e-02,  2.3202e-02, -4.7120e-02],
          [ 1.3767e-01,  1.8358e-01,  1.0144e-01],
          [-1.4297e-04, -1.4572e-02,  6.2146e-02]],

         ...,

         [[ 1.1002e-02,  1.5062e-02, -9.4824e-03],
          [ 8.3746e-03,  4.8113e-02,  2.4027e-02],
          [ 8.5704e-02,  3.3602e-02,  4.7140e-02]],

         [[ 2.4536e-02, -5.0016e-02,  3.1910e-02],
          [-4.6504e-02, -1.5774e-02, -5.5142e-02],
          [-4.9097e-03, -3.4745e-02,  5.3549e-02]],

         [[ 6.0077e-02,  1.9455e-02,  6.0541e-02],
          [-8.1455e-02, -9.7774e-03,  4.3807e-03],
          [ 7.5323e-02, -7.7031e-02,  5.8363e-03]]]], device='cuda:0')

----------------------input_conv.bias----------------------
tensor([ 0.0010,  0.0095,  0.0059, -0.0366, -0.0442, -0.0164,  0.0611,  0.0654,
        -0.0188, -0.0118,  0.0153, -0.0313,  0.0880,  0.0918,  0.0233, -0.3589],
       device='cuda:0')

----------------------body.0.weight----------------------
tensor([[[[ 1.7226e-02,  4.4024e-02,  6.7730e-02],
          [-2.4919e-02, -5.9416e-02,  5.8139e-02],
          [-8.4822e-04, -1.4980e-02, -1.2107e-03]],

         [[-4.3913e-02,  1.6052e-02, -6.4571e-02],
          [ 5.2972e-02,  5.9702e-02, -1.0880e-02],
          [ 4.2831e-02,  1.2137e-03,  3.0213e-02]],

         [[-9.3916e-02,  1.4860e-02, -3.2069e-03],
          [ 1.7284e-02,  2.2562e-02,  1.5774e-02],
          [-3.1859e-02,  4.7539e-02, -3.6906e-02]],

         ...,

         [[-1.1156e-01, -3.6730e-02, -5.0035e-02],
          [-3.9902e-02,  4.4192e-02,  1.8972e-02],
          [ 8.2104e-03, -2.8144e-02, -9.6792e-03]],

         [[-5.4137e-02,  4.6738e-02,  3.2857e-02],
          [ 4.5212e-02,  8.8763e-03,  2.8963e-02],
          [ 9.0174e-03,  5.8087e-02, -2.2779e-02]],

         [[ 6.7446e-02,  8.4568e-02,  1.9414e-03],
          [ 1.8486e-02, -2.1431e-02, -1.6213e-02],
          [-6.7495e-02, -6.9599e-02,  4.0563e-02]]],


        [[[-4.9093e-02,  6.7847e-02, -5.1621e-02],
          [ 1.6748e-02,  3.5981e-02,  8.4919e-02],
          [-5.2354e-03,  5.4564e-02,  4.1459e-02]],

         [[ 5.1584e-02,  1.6157e-03,  4.0580e-02],
          [-4.7024e-02, -5.1585e-02,  9.2507e-02],
          [-5.1665e-02, -1.6266e-02,  1.3277e-03]],

         [[ 9.6313e-02,  4.0944e-03, -4.8361e-02],
          [ 7.7010e-03,  7.9498e-02,  5.4791e-02],
          [ 9.3994e-02,  3.1481e-02,  7.0978e-02]],

         ...,

         [[ 4.3041e-02,  1.3137e-01,  4.5784e-02],
          [ 8.1303e-02,  1.2660e-01, -1.3309e-02],
          [-8.5890e-03,  1.9066e-02,  9.6394e-02]],

         [[ 7.6915e-02, -3.9856e-02,  2.4553e-02],
          [-2.6414e-02, -1.5515e-02,  8.4464e-02],
          [ 4.5363e-02, -8.1675e-03,  1.9553e-02]],

         [[ 4.0465e-02,  4.1817e-02, -2.6164e-02],
          [-4.4887e-02,  6.3977e-02,  4.8156e-03],
          [-2.8382e-03, -6.8290e-02, -1.1142e-03]]],


        [[[ 2.7819e-02,  6.4002e-02,  4.2561e-02],
          [ 8.6436e-02, -9.1216e-03, -2.6669e-02],
          [ 7.5716e-02,  5.2624e-02, -4.5610e-02]],

         [[ 8.1201e-02,  9.7068e-02,  7.7553e-03],
          [ 8.3703e-02, -2.4429e-02,  3.7236e-02],
          [-3.4596e-03, -1.5402e-02, -5.4937e-02]],

         [[-4.9900e-02,  5.8358e-03, -9.1050e-02],
          [-2.7723e-03,  2.5797e-02,  5.3297e-02],
          [ 8.0449e-02,  4.1995e-02,  2.3961e-02]],

         ...,

         [[ 4.9608e-02,  1.1268e-01,  7.3708e-02],
          [ 8.1261e-02,  5.9830e-02, -2.2058e-02],
          [ 8.1780e-02,  3.5608e-02,  2.1645e-02]],

         [[ 2.6452e-02,  4.7304e-02,  4.3177e-02],
          [ 4.1235e-02, -8.7217e-02,  4.3494e-03],
          [-4.5187e-02, -2.4675e-02, -1.4524e-02]],

         [[-2.9706e-02, -7.6561e-02, -4.0667e-02],
          [ 4.6087e-02,  2.2729e-02,  2.6813e-02],
          [ 6.6787e-03, -4.6387e-03, -3.4392e-02]]],


        ...,


        [[[ 1.0087e-01, -5.1430e-02,  9.4836e-02],
          [-4.6264e-02,  1.0043e-02, -1.5453e-03],
          [-3.8018e-02,  5.2288e-02,  7.4929e-02]],

         [[-4.7483e-02, -4.8857e-02,  7.7738e-03],
          [-4.5936e-03,  1.0863e-02,  1.7179e-02],
          [-1.7951e-02, -4.2826e-02,  9.3374e-04]],

         [[-3.1661e-02, -4.1626e-02, -2.2062e-02],
          [-3.1341e-02,  1.0571e-01,  6.7771e-02],
          [ 1.4465e-02,  6.5364e-04, -2.9237e-02]],

         ...,

         [[ 6.5773e-02,  4.9794e-02, -1.9419e-02],
          [-3.2778e-02, -6.1632e-02,  6.9432e-02],
          [-3.2424e-02, -1.0126e-05, -4.5811e-02]],

         [[-4.2607e-02,  4.4809e-02,  1.5109e-02],
          [ 1.0908e-02, -1.2508e-03,  2.8527e-02],
          [-1.4649e-02, -8.3564e-03,  5.7993e-02]],

         [[ 6.5155e-02,  1.1692e-01,  1.6715e-03],
          [-1.0700e-01, -2.6731e-02, -1.6211e-02],
          [-1.6528e-02,  2.2982e-02, -1.7200e-02]]],


        [[[-2.3430e-02,  1.5991e-02,  7.0523e-02],
          [ 5.8039e-02, -2.5958e-02,  4.2835e-02],
          [-5.8032e-02,  1.4267e-03,  9.4116e-02]],

         [[-4.3433e-02,  2.0270e-02, -8.8395e-02],
          [ 6.7639e-02,  2.8406e-02,  3.0405e-02],
          [ 4.1258e-02,  8.0089e-03, -3.6123e-02]],

         [[-2.1369e-02, -2.5051e-02,  1.0573e-01],
          [-7.1151e-03,  3.2689e-02, -3.9508e-02],
          [ 3.6503e-02,  2.0869e-03, -2.9853e-02]],

         ...,

         [[ 1.4593e-02,  1.2132e-02, -1.0784e-01],
          [-4.1295e-02,  1.6298e-02, -4.6234e-02],
          [-3.6963e-02, -5.9782e-02,  3.9713e-02]],

         [[-3.3515e-02, -3.7559e-02,  8.3374e-02],
          [-3.0662e-02,  6.9679e-02, -1.8001e-02],
          [-1.5908e-04, -3.2177e-02,  8.2692e-02]],

         [[ 6.5351e-02,  4.4095e-02,  3.6950e-02],
          [-3.3213e-02, -3.7871e-02, -1.9216e-02],
          [-1.2657e-02, -5.4099e-02,  8.6610e-03]]],


        [[[ 1.4737e-02, -1.3550e-03, -6.3437e-02],
          [ 3.3768e-02, -6.9574e-02, -2.3473e-02],
          [ 2.2201e-02,  1.1731e-03,  4.0805e-04]],

         [[-1.5183e-02, -1.9315e-01, -9.2718e-02],
          [ 2.1144e-02, -6.8941e-02, -8.7152e-02],
          [-1.1198e-01,  7.1657e-03, -7.1124e-02]],

         [[ 1.0401e-01,  3.1072e-02,  5.9916e-02],
          [ 1.0757e-01,  1.1377e-01,  6.2654e-02],
          [ 6.2166e-02,  5.8222e-02, -5.7554e-02]],

         ...,

         [[-7.9278e-02, -5.8248e-02, -2.2313e-02],
          [-8.5581e-03, -2.2857e-02,  2.0464e-02],
          [-2.2347e-02, -4.2696e-02, -1.1604e-01]],

         [[ 4.8150e-02, -1.1075e-02, -2.3372e-03],
          [ 1.4540e-02, -8.8267e-03,  3.4410e-03],
          [ 1.4009e-02,  5.9115e-02,  6.9282e-03]],

         [[ 5.5051e-02,  4.1174e-02,  8.8616e-03],
          [-2.6162e-02,  5.1862e-02, -4.2354e-02],
          [-9.1612e-02, -1.1434e-02,  2.4545e-03]]]], device='cuda:0')

----------------------body.0.bias----------------------
tensor([-0.0288, -0.0638,  0.0066,  0.0452,  0.0999,  0.0189,  0.0515, -0.0378,
         0.0800, -0.0784, -0.0351,  0.0828, -0.0004,  0.0467, -0.0440,  0.0523],
       device='cuda:0')

----------------------feature_head.weight----------------------
tensor([[[[ 0.0780,  0.0697,  0.1195],
          [-0.0392,  0.0313,  0.0599],
          [ 0.0780, -0.0031,  0.0384]],

         [[-0.0008, -0.0572,  0.0085],
          [-0.0235, -0.0502,  0.0451],
          [ 0.0307,  0.0107, -0.0264]],

         [[ 0.0319, -0.0459,  0.0141],
          [-0.0365,  0.0436,  0.0129],
          [ 0.0381, -0.0509, -0.0705]],

         [[-0.0333,  0.0665, -0.0499],
          [-0.0951, -0.0870,  0.0432],
          [ 0.0609,  0.0367,  0.0762]],

         [[-0.0390, -0.0434, -0.0554],
          [ 0.0219,  0.0220, -0.0046],
          [-0.0540, -0.0048, -0.0647]],

         [[-0.0332, -0.0358, -0.0131],
          [-0.0676,  0.0659, -0.0335],
          [ 0.0042,  0.0366,  0.0076]],

         [[ 0.0342,  0.0082,  0.0414],
          [-0.0194,  0.0165, -0.0376],
          [-0.0744,  0.0132,  0.0109]],

         [[ 0.0014, -0.0212,  0.0730],
          [ 0.0129,  0.0029,  0.0415],
          [ 0.0354, -0.0231,  0.0417]],

         [[-0.0859, -0.0313,  0.0474],
          [-0.0111, -0.0538, -0.0050],
          [-0.0880, -0.0644, -0.0303]],

         [[-0.0399, -0.0232,  0.0515],
          [-0.0091, -0.0058, -0.0316],
          [ 0.0084,  0.0111, -0.1290]],

         [[-0.0226, -0.0058, -0.0697],
          [ 0.0399, -0.0105, -0.0015],
          [-0.0743,  0.0810, -0.0464]],

         [[-0.0161, -0.0036,  0.0404],
          [ 0.0500, -0.0474,  0.0605],
          [-0.0692,  0.0016,  0.0276]],

         [[ 0.0849, -0.0096, -0.0077],
          [ 0.0534,  0.0520, -0.0127],
          [ 0.0318, -0.0367,  0.0699]],

         [[-0.0487, -0.0070, -0.0514],
          [-0.0930, -0.0393, -0.0424],
          [-0.0379,  0.0107, -0.0610]],

         [[ 0.0353, -0.0208, -0.0014],
          [-0.0102, -0.0049,  0.0072],
          [ 0.0154,  0.0561,  0.0423]],

         [[-0.0660, -0.0173,  0.0091],
          [ 0.0374,  0.0047,  0.0252],
          [-0.0827, -0.0168, -0.0341]]]], device='cuda:0')

----------------------feature_head.bias----------------------
tensor([-0.0713], device='cuda:0')

----------------------colour_head.0.weight----------------------
tensor([[[[-9.2204e-03,  7.4746e-02,  3.0427e-02],
          [ 7.4274e-02, -2.0795e-02, -4.6148e-02],
          [-1.9200e-02, -3.2823e-02, -6.7921e-02]],

         [[ 1.6018e-02,  1.1236e-01, -1.9701e-02],
          [ 7.4544e-02,  8.2110e-02,  8.3568e-02],
          [ 3.6690e-02, -1.2371e-02,  5.3611e-02]],

         [[-6.5161e-02, -3.5136e-02,  2.7691e-02],
          [ 5.6291e-02, -3.5927e-02,  5.0934e-02],
          [-2.6737e-02,  6.5719e-04,  4.5985e-02]],

         [[-1.0068e-02, -5.5322e-02,  2.7377e-02],
          [-5.0694e-02, -6.2181e-02, -5.4889e-02],
          [ 8.6298e-02,  4.3404e-02, -1.6354e-02]],

         [[-7.2754e-03, -2.7124e-03, -5.5910e-02],
          [ 4.3995e-03, -8.8804e-02, -2.1747e-02],
          [-3.3453e-02, -4.8353e-02,  6.2016e-02]],

         [[-6.4831e-03,  3.3696e-02, -5.9751e-02],
          [ 6.7692e-03,  3.1044e-02,  4.8034e-02],
          [-3.5365e-02, -2.7133e-02, -7.6777e-02]],

         [[ 4.4622e-02,  4.7502e-02,  1.5348e-02],
          [ 2.7802e-02,  5.2856e-02,  7.3903e-02],
          [ 2.7316e-02,  3.4253e-02,  1.2935e-02]],

         [[-5.4434e-02,  8.9108e-03,  6.7633e-03],
          [-9.0925e-02, -3.8263e-02, -5.8290e-02],
          [-5.5408e-02,  5.9141e-02,  4.5402e-02]],

         [[-7.6714e-03,  2.2091e-02, -2.6773e-02],
          [ 3.9665e-02, -2.6614e-02, -3.6257e-02],
          [-1.8087e-02,  8.0234e-02,  9.8213e-03]],

         [[-3.4669e-02, -2.9182e-02, -8.6305e-02],
          [-2.8634e-02, -1.9871e-01, -3.2559e-01],
          [-5.4919e-03, -1.3596e-01, -3.3027e-02]],

         [[ 5.1242e-02, -3.9495e-02, -1.9422e-02],
          [ 9.8608e-02,  9.6645e-02,  7.8533e-02],
          [-5.2695e-02,  8.2207e-02, -7.0920e-03]],

         [[ 2.2691e-02,  7.4274e-02, -7.5357e-02],
          [ 2.3483e-02, -7.6340e-02,  5.4346e-02],
          [ 1.3935e-02, -7.3156e-04, -4.5058e-02]],

         [[ 2.4000e-02, -3.8921e-02,  2.4711e-02],
          [ 7.5433e-02, -2.6181e-02,  9.1758e-03],
          [ 3.5798e-02,  3.7491e-02,  2.0383e-02]],

         [[ 2.4135e-02, -4.5211e-02, -1.7356e-02],
          [ 5.0558e-02,  2.0842e-02,  4.9417e-02],
          [ 3.9219e-02,  4.2782e-02, -4.5251e-02]],

         [[ 7.0502e-02, -3.9882e-02,  1.1249e-02],
          [ 4.9700e-02,  9.6954e-02, -6.1727e-02],
          [ 3.1987e-02, -3.3538e-02,  3.1017e-02]],

         [[-3.5776e-02, -1.2762e-02, -3.2141e-02],
          [-2.7770e-02,  7.2864e-02,  5.4373e-02],
          [ 2.3244e-02,  2.3574e-02, -2.9763e-04]]],


        [[[-5.9964e-02,  6.0575e-02, -1.6523e-02],
          [ 6.0979e-02,  4.5876e-02,  2.3511e-03],
          [ 5.4436e-02, -4.0023e-02,  2.5931e-02]],

         [[ 4.7071e-02, -2.0946e-02,  2.6623e-02],
          [-6.2785e-02, -2.1968e-02,  4.4497e-02],
          [ 3.5738e-02, -7.7536e-02,  3.4613e-02]],

         [[ 2.1351e-04,  8.5726e-02, -7.7991e-02],
          [ 3.4694e-04, -4.1945e-02, -6.3255e-02],
          [ 1.5561e-02, -3.4041e-02,  9.8366e-02]],

         [[-2.0048e-02,  3.8419e-02, -3.7338e-02],
          [-1.4836e-03, -6.2745e-02,  6.1654e-02],
          [ 7.6623e-02,  7.1890e-02, -3.1026e-02]],

         [[ 4.8744e-02, -6.8784e-02,  4.0362e-02],
          [-1.4541e-02, -7.2417e-02, -6.1836e-02],
          [-7.8680e-02,  1.8277e-02, -2.1373e-02]],

         [[-2.0447e-02,  1.0222e-01, -1.1365e-02],
          [ 4.4463e-02,  1.9492e-02,  7.2364e-02],
          [ 4.6728e-03,  5.0582e-02,  2.1049e-02]],

         [[ 4.8979e-03,  8.2548e-02, -4.9674e-03],
          [-4.1034e-02,  2.7535e-02, -1.8139e-02],
          [-4.7716e-02,  2.3534e-02, -1.9892e-02]],

         [[-9.8818e-03, -1.9543e-02, -2.5715e-02],
          [-2.9689e-02,  9.0200e-03,  6.9709e-02],
          [-3.4942e-02, -1.8278e-02, -5.4154e-02]],

         [[ 1.5840e-02,  2.6896e-02, -4.1834e-02],
          [ 6.1346e-02, -6.0508e-02,  6.5524e-02],
          [ 3.0079e-02,  4.2540e-03, -2.1814e-02]],

         [[ 1.9618e-03, -5.4532e-02, -6.1373e-02],
          [-2.7640e-02, -1.4980e-01, -2.9349e-01],
          [-1.4147e-02, -1.0378e-01, -3.4072e-02]],

         [[-1.2462e-02, -6.6741e-02, -5.9871e-02],
          [ 4.4149e-02,  7.3060e-02,  6.9292e-02],
          [-2.2915e-04,  4.0374e-02, -7.3198e-02]],

         [[ 4.7221e-02,  7.8496e-02,  4.1104e-02],
          [-3.2757e-02,  6.7501e-02, -6.9732e-02],
          [-7.2800e-03, -1.5972e-02, -6.9251e-02]],

         [[-1.3450e-02, -3.1406e-02,  3.4438e-02],
          [ 3.2336e-02,  8.2206e-02,  8.2134e-03],
          [ 8.2108e-02,  3.0472e-02,  7.6700e-02]],

         [[ 6.8119e-02, -7.3033e-02, -5.2668e-02],
          [ 7.7797e-02,  9.7129e-02, -7.0555e-02],
          [ 1.3338e-02, -1.6825e-02,  6.8133e-02]],

         [[ 7.5371e-02,  6.7572e-02,  6.4352e-02],
          [ 3.1753e-02,  1.0392e-01, -2.5951e-02],
          [ 3.7318e-02,  7.1245e-03, -3.8727e-02]],

         [[-2.8868e-02,  1.5675e-02, -1.2559e-02],
          [-4.1148e-02,  9.1945e-02,  9.5723e-02],
          [-5.0818e-02,  7.5360e-02, -1.1947e-02]]],


        [[[ 1.1406e-02, -5.9014e-02, -7.0330e-02],
          [ 3.6113e-03,  9.2985e-02,  8.3375e-02],
          [ 1.2440e-02,  5.9745e-02, -5.0281e-02]],

         [[ 4.7368e-02,  5.9459e-02, -6.2756e-02],
          [-6.0214e-02,  4.7176e-02,  2.2474e-02],
          [-5.5551e-02, -6.7484e-02,  6.9745e-02]],

         [[-2.3265e-02,  8.5592e-03, -2.0084e-02],
          [ 2.5882e-02, -7.4320e-02,  3.5701e-02],
          [-8.8181e-03,  1.5776e-03,  5.9087e-02]],

         [[-2.0851e-02, -1.7153e-02,  6.9497e-02],
          [-6.7183e-02,  3.8802e-02, -7.4643e-03],
          [-2.0317e-02,  6.6688e-02,  2.1054e-02]],

         [[-6.8099e-02,  8.4405e-02, -3.6145e-02],
          [ 7.3230e-02, -2.2786e-02,  8.0422e-02],
          [ 2.7164e-02,  3.6988e-04,  2.8972e-02]],

         [[-5.5504e-03, -2.5457e-02,  6.2233e-02],
          [ 6.2320e-02,  1.3576e-02,  9.8944e-02],
          [-3.4522e-03, -3.6880e-02, -3.4526e-02]],

         [[ 5.1274e-02, -2.8563e-02,  5.3534e-02],
          [-8.3253e-02,  7.1220e-03, -4.7806e-02],
          [ 3.2761e-02,  7.6211e-02,  3.1992e-02]],

         [[-1.9759e-02, -4.9497e-02, -2.1928e-02],
          [-3.0503e-02,  1.0777e-01, -2.1868e-02],
          [ 4.5608e-02,  1.0293e-01,  4.4454e-02]],

         [[-5.6234e-02,  2.0390e-02, -8.9112e-03],
          [ 5.6884e-02,  1.7086e-02,  1.2311e-02],
          [ 5.2343e-02,  3.1470e-02,  5.1729e-02]],

         [[-4.2956e-03, -3.6030e-02, -8.9150e-02],
          [-4.5443e-02, -1.1935e-01, -2.7113e-01],
          [-3.0386e-02, -1.0200e-01, -9.6385e-02]],

         [[-3.6968e-02,  5.6916e-02,  9.2641e-03],
          [ 1.2106e-02,  2.5146e-02, -3.0878e-02],
          [ 6.3321e-02, -7.9618e-03, -2.9392e-02]],

         [[ 5.6281e-02, -6.4968e-02, -1.7711e-02],
          [ 1.2535e-02, -2.9816e-02,  3.5605e-02],
          [-7.0501e-02, -3.3215e-02, -4.9385e-02]],

         [[ 8.3755e-02,  5.3690e-02, -4.4583e-02],
          [ 5.7982e-02,  4.1560e-02,  1.0941e-01],
          [ 5.0876e-02, -1.7534e-02,  9.6080e-02]],

         [[-5.9944e-03, -7.1246e-03,  2.9549e-02],
          [ 1.0864e-01,  5.4743e-02, -7.7285e-02],
          [-2.7249e-02,  8.9026e-02, -3.4183e-02]],

         [[-6.0049e-02, -7.6215e-02, -5.1479e-02],
          [-5.3871e-02,  2.9012e-03,  1.2881e-02],
          [ 5.5699e-02,  4.2600e-02, -1.6137e-02]],

         [[-3.3697e-02,  6.3566e-02, -4.2545e-02],
          [-8.1374e-03,  6.7275e-02,  1.4917e-01],
          [-4.8360e-02,  3.7869e-02,  1.6574e-03]]]], device='cuda:0')

----------------------colour_head.0.bias----------------------
tensor([ 0.0228,  0.0110, -0.0599], device='cuda:0')

----------------------blending_mask_head.0.weight----------------------
tensor([[[[ 1.1090e-01,  1.2192e-01, -1.0827e-02],
          [ 2.6654e-02,  3.8475e-02,  1.8397e-02],
          [ 2.4999e-02,  4.0422e-02,  1.5016e-03]],

         [[-4.5394e-03,  6.0975e-02, -1.0663e-02],
          [-3.0735e-02, -1.7903e-02, -6.8718e-02],
          [-6.1941e-02, -1.1250e-01, -1.6573e-02]],

         [[ 3.6516e-02,  1.7670e-01,  2.3505e-01],
          [ 5.3918e-02,  1.2723e-01,  1.4197e-01],
          [ 1.2472e-01,  1.4683e-01,  1.3620e-01]],

         [[ 1.5855e-02,  1.3189e-02, -1.0413e-01],
          [-8.1523e-02, -1.0286e-01, -6.9238e-02],
          [ 1.8466e-02, -3.7504e-02, -9.8410e-02]],

         [[ 4.4751e-01,  3.3729e-01,  3.8687e-01],
          [ 4.0537e-01,  4.7169e-01,  4.9105e-01],
          [ 3.5810e-01,  4.1596e-01,  3.2323e-01]],

         [[-2.9047e-02, -2.6871e-02,  8.2402e-03],
          [-6.3945e-02,  1.9520e-02,  1.9693e-02],
          [ 2.0050e-02, -5.6607e-02,  2.6220e-02]],

         [[-1.2152e-01, -8.5380e-02, -4.9138e-02],
          [-2.9835e-02, -3.4822e-02, -1.4364e-01],
          [-1.8164e-02, -1.4567e-01, -1.6354e-01]],

         [[-1.6323e-01, -2.1637e-01, -2.2829e-01],
          [-2.3262e-01, -8.1600e-02, -1.3484e-01],
          [-1.7978e-01, -1.3707e-01, -2.4418e-01]],

         [[ 5.7391e-02,  3.8047e-02, -5.5763e-02],
          [ 2.0682e-01,  4.8183e-02,  4.5869e-04],
          [ 1.1582e-01,  1.3816e-01,  9.9010e-02]],

         [[ 2.9460e-02,  3.6168e-02, -5.8728e-02],
          [ 5.2573e-02, -2.2075e-01, -3.4195e-01],
          [ 1.1284e-01,  6.1698e-02, -4.1678e-01]],

         [[ 1.1589e-01,  9.4989e-02, -1.5291e-02],
          [ 1.2338e-02, -8.0325e-03,  7.6064e-02],
          [-3.1487e-02, -2.8202e-02, -2.9263e-02]],

         [[ 2.7806e-01,  3.0254e-01,  4.4657e-01],
          [ 3.8587e-01,  4.2846e-01,  3.1951e-01],
          [ 2.6199e-01,  2.7591e-01,  3.2320e-01]],

         [[-3.2653e-02,  3.0056e-02, -3.7394e-02],
          [ 6.6326e-02,  1.2793e-01,  4.5640e-02],
          [ 9.3395e-02, -1.5930e-02,  6.9847e-03]],

         [[-7.0174e-02, -4.2649e-02, -8.7772e-02],
          [-3.1468e-02, -7.8835e-02, -9.4097e-02],
          [ 8.0554e-04, -3.1294e-02, -1.4853e-01]],

         [[ 7.7522e-03,  5.2437e-04, -1.0353e-01],
          [-3.1352e-02,  1.6333e-02, -1.4493e-01],
          [-1.3100e-01, -9.9068e-03, -7.8119e-02]],

         [[ 1.6191e-01,  1.8456e-01,  1.8233e-01],
          [ 2.1517e-01,  2.5459e-01,  2.0578e-01],
          [ 1.1779e-01,  1.7059e-01,  2.1722e-01]]]], device='cuda:0')

----------------------blending_mask_head.0.bias----------------------
tensor([0.3282], device='cuda:0')
