
----------------------input_conv.weight----------------------
tensor([[[[ 0.0963,  0.1082,  0.0005],
          [ 0.1135,  0.0040,  0.0459],
          [-0.0411,  0.0786,  0.1076]],

         [[-0.0647,  0.1086,  0.0409],
          [ 0.0910,  0.0371,  0.0708],
          [-0.0074,  0.0947,  0.0272]],

         [[-0.0468,  0.0328, -0.0382],
          [-0.0097, -0.0308,  0.0789],
          [-0.0850, -0.0454, -0.0278]],

         ...,

         [[-0.0352,  0.0356, -0.0180],
          [ 0.0879, -0.0611, -0.0628],
          [-0.0633,  0.0934,  0.0322]],

         [[ 0.1040, -0.0825, -0.0994],
          [-0.0806, -0.0680,  0.0442],
          [ 0.0390,  0.0878, -0.0557]],

         [[-0.0730,  0.0557, -0.0431],
          [ 0.0614, -0.0269,  0.0581],
          [-0.0862, -0.0572,  0.0277]]],


        [[[-0.0175, -0.0907,  0.0503],
          [ 0.0763, -0.1287, -0.0758],
          [ 0.1026, -0.0567, -0.0255]],

         [[-0.1293, -0.1093,  0.0284],
          [ 0.0032, -0.1142, -0.0027],
          [-0.0554, -0.0999, -0.0369]],

         [[-0.1534, -0.1567,  0.0761],
          [ 0.0182, -0.0454, -0.1413],
          [-0.0707, -0.0785,  0.0067]],

         ...,

         [[-0.0906,  0.0875, -0.0735],
          [ 0.0628,  0.0446,  0.0527],
          [-0.0483,  0.1089,  0.0467]],

         [[-0.0005, -0.1038,  0.0472],
          [-0.0081, -0.0410,  0.1103],
          [ 0.0338, -0.0445, -0.0279]],

         [[-0.0113,  0.0566, -0.0269],
          [-0.0656, -0.0372, -0.0772],
          [ 0.0304,  0.0785, -0.0994]]],


        [[[ 0.0432,  0.0772,  0.0378],
          [-0.0141,  0.0835,  0.0799],
          [ 0.0585,  0.0078, -0.0056]],

         [[ 0.0287,  0.0020, -0.0145],
          [ 0.0891,  0.1166,  0.0122],
          [-0.0053,  0.0264,  0.0144]],

         [[ 0.0376,  0.0450, -0.0832],
          [-0.0225,  0.1096,  0.0596],
          [ 0.0081, -0.0435, -0.0482]],

         ...,

         [[-0.0512, -0.0055, -0.0588],
          [-0.0589,  0.0481, -0.0156],
          [ 0.0730, -0.0216, -0.0632]],

         [[-0.0123, -0.0409, -0.0204],
          [-0.0935,  0.0683, -0.0612],
          [ 0.0578,  0.0565,  0.0857]],

         [[-0.0772,  0.0805, -0.0448],
          [ 0.0406,  0.1018, -0.0116],
          [-0.0016, -0.0235, -0.0864]]],


        ...,


        [[[ 0.1093,  0.0224,  0.0798],
          [-0.0845, -0.0409,  0.0352],
          [ 0.1018,  0.0728,  0.0366]],

         [[-0.0943,  0.0187, -0.0568],
          [-0.0852,  0.0278, -0.0443],
          [ 0.1128, -0.0348,  0.0507]],

         [[ 0.0754, -0.0613,  0.0719],
          [-0.0050,  0.0725,  0.1300],
          [-0.0224, -0.0170,  0.1087]],

         ...,

         [[-0.0500, -0.0696,  0.0007],
          [-0.0019, -0.0801,  0.0763],
          [-0.0831,  0.0958, -0.0729]],

         [[-0.0093,  0.0254, -0.0399],
          [ 0.0976, -0.0717, -0.0040],
          [-0.0799,  0.0262,  0.0889]],

         [[ 0.0915,  0.0097, -0.0532],
          [ 0.0927,  0.0020,  0.0688],
          [-0.0661, -0.0567, -0.0922]]],


        [[[ 0.1148,  0.0297, -0.0659],
          [ 0.0321, -0.0251,  0.0163],
          [ 0.0518, -0.0345,  0.0330]],

         [[-0.0481,  0.0322, -0.0924],
          [ 0.0397,  0.1241,  0.1080],
          [ 0.0556,  0.0954,  0.1172]],

         [[ 0.0468,  0.0452,  0.0219],
          [ 0.1142,  0.1082, -0.0395],
          [ 0.0111, -0.0366,  0.0518]],

         ...,

         [[ 0.0903, -0.0666, -0.0695],
          [-0.0852,  0.0321, -0.0768],
          [-0.0370, -0.0505,  0.0310]],

         [[-0.0997, -0.0454,  0.0038],
          [ 0.0122, -0.0460,  0.0401],
          [-0.0670, -0.0870, -0.0125]],

         [[-0.0496,  0.0744, -0.0632],
          [-0.0024,  0.0512, -0.0837],
          [ 0.0867, -0.0418, -0.0211]]],


        [[[-0.0481, -0.0137, -0.0150],
          [-0.0872,  0.0543,  0.0214],
          [ 0.1150,  0.0882,  0.1138]],

         [[ 0.0479,  0.0806,  0.1233],
          [ 0.0940, -0.0626, -0.0024],
          [-0.0891,  0.0215, -0.0153]],

         [[ 0.1051,  0.0383,  0.0215],
          [-0.0725, -0.0682,  0.0328],
          [-0.0438, -0.0353,  0.0906]],

         ...,

         [[-0.0086,  0.0374,  0.0496],
          [ 0.0269, -0.0779, -0.0622],
          [ 0.0064, -0.0133, -0.0832]],

         [[ 0.1034,  0.0135, -0.0746],
          [ 0.0460,  0.0465, -0.0509],
          [ 0.0543, -0.0636,  0.0384]],

         [[ 0.0920,  0.0636,  0.0475],
          [-0.0304,  0.0128,  0.0313],
          [ 0.0165, -0.0294,  0.0080]]]], device='cuda:0')

----------------------input_conv.bias----------------------
tensor([-0.0273, -0.0381, -0.0793, -0.0600, -0.0550,  0.0935,  0.0278, -0.0745,
        -0.0423,  0.0328, -0.0227, -0.0152, -0.0216, -0.0209,  0.0247,  0.0129,
         0.0628,  0.0691,  0.0846,  0.0031, -0.0383,  0.0156,  0.0011,  0.0484,
         0.0105, -0.0161, -0.0896,  0.0511,  0.0606,  0.1042, -0.0287,  0.0370],
       device='cuda:0')

----------------------body.0.weight----------------------
tensor([[[[-4.1963e-03, -4.1279e-02, -4.1547e-02],
          [ 2.6251e-02, -4.3467e-02,  4.0843e-02],
          [ 9.8325e-03,  1.6344e-02,  3.2350e-02]],

         [[ 5.1317e-02,  6.5221e-02,  6.0630e-02],
          [ 2.7547e-02,  2.7403e-02,  4.6422e-02],
          [ 9.5488e-02,  1.0913e-01,  8.3906e-02]],

         [[-1.9470e-02, -1.1481e-02, -3.6521e-02],
          [ 3.8790e-02, -3.2219e-02, -1.1925e-02],
          [ 5.6834e-02,  2.7878e-02, -2.5500e-03]],

         ...,

         [[-5.6526e-02,  4.1125e-03, -1.2683e-02],
          [ 1.6428e-02, -3.7931e-02,  2.7497e-02],
          [ 7.0237e-04, -2.2681e-02, -4.9610e-02]],

         [[ 3.5145e-02, -1.9600e-02,  4.8472e-02],
          [ 1.8899e-02,  2.5223e-02,  2.4100e-03],
          [-1.4980e-03, -9.7144e-03, -3.6862e-02]],

         [[ 3.0629e-02, -3.6634e-02,  3.1925e-02],
          [-2.4459e-02,  3.6618e-02,  4.9927e-02],
          [-3.7477e-02,  4.9392e-02, -1.4308e-04]]],


        [[[-4.3409e-02,  2.4294e-02,  2.7776e-02],
          [ 5.1045e-02, -5.6526e-02,  5.4119e-02],
          [ 3.8651e-02,  6.0289e-02,  3.3775e-02]],

         [[-3.6309e-02,  4.1107e-02,  5.0764e-02],
          [-2.2675e-02, -6.1903e-03,  4.2096e-02],
          [ 4.4533e-02,  4.8944e-02,  4.4694e-02]],

         [[ 5.0221e-03,  1.1273e-02,  1.0089e-02],
          [ 8.1929e-02,  5.9123e-02,  7.5406e-03],
          [ 3.5646e-02, -4.5176e-02, -1.9597e-02]],

         ...,

         [[-4.3712e-03,  2.4093e-02,  4.0713e-02],
          [ 4.5465e-02, -4.8461e-02, -5.2971e-02],
          [-1.2609e-02, -4.6949e-03,  3.3738e-02]],

         [[ 5.8269e-02,  2.8322e-02, -1.3771e-02],
          [-1.0204e-02,  4.9866e-02,  5.1873e-02],
          [-4.5972e-02,  1.2874e-03, -4.3647e-02]],

         [[-2.9787e-02,  4.0257e-02, -2.7292e-02],
          [ 2.8069e-02, -4.5951e-02,  5.1042e-02],
          [ 2.4264e-02,  4.7595e-02,  2.6701e-02]]],


        [[[ 4.9803e-03, -2.6625e-02, -2.9572e-02],
          [-3.8320e-02,  5.0192e-02, -1.9751e-02],
          [-2.1161e-03, -5.8342e-02,  1.3949e-02]],

         [[-4.0662e-02, -8.3045e-02, -1.9405e-02],
          [-6.9952e-02, -4.1402e-02, -6.1119e-02],
          [ 2.7369e-02, -7.9045e-02, -6.7494e-03]],

         [[ 3.8317e-02, -3.2583e-02,  4.6565e-02],
          [ 5.7855e-02, -2.0966e-02,  1.3939e-02],
          [ 2.7020e-02,  6.6376e-02,  5.3721e-02]],

         ...,

         [[ 4.3511e-02,  3.8844e-02, -4.4672e-02],
          [-3.9733e-02, -2.0318e-02, -3.8752e-02],
          [ 2.2239e-02, -3.8449e-02, -4.4246e-02]],

         [[ 2.9254e-02,  4.7079e-02, -1.0135e-02],
          [-4.5846e-02,  2.1795e-02,  3.6597e-02],
          [ 5.7077e-02,  1.9192e-02,  4.7873e-02]],

         [[-4.6773e-02,  6.0912e-02, -2.9101e-02],
          [-3.2395e-02,  4.6057e-02, -4.0941e-03],
          [ 4.2484e-02, -3.8341e-02,  5.1507e-02]]],


        ...,


        [[[ 2.1926e-02,  9.3508e-03, -4.2310e-02],
          [-7.6411e-03, -4.7436e-02,  1.9404e-02],
          [ 3.9543e-03,  7.0361e-03, -2.3859e-03]],

         [[ 9.8228e-03, -3.1583e-02,  5.8697e-02],
          [-1.0019e-03,  1.5620e-02,  9.8925e-03],
          [-6.0980e-02,  1.8932e-02,  4.4097e-02]],

         [[ 2.6130e-02, -9.4909e-03,  2.5161e-03],
          [-4.8632e-03, -2.8702e-02,  9.4251e-03],
          [ 1.1865e-02, -5.5738e-04, -4.6141e-02]],

         ...,

         [[ 3.2554e-02,  3.4465e-02,  5.5079e-02],
          [ 5.3081e-02, -2.0257e-02,  3.9734e-02],
          [ 3.3340e-02,  3.0313e-02, -1.2449e-02]],

         [[-3.4485e-02, -3.8980e-02,  2.2048e-02],
          [-9.2622e-05,  3.6129e-05,  6.0252e-02],
          [-3.6381e-02,  1.7579e-02,  1.5390e-02]],

         [[-3.8370e-03,  4.6571e-02,  4.3635e-02],
          [-4.2262e-02,  1.7909e-02, -2.9697e-02],
          [-3.5767e-02, -4.5858e-02,  2.7529e-02]]],


        [[[-1.3861e-02, -5.0560e-02, -1.9115e-02],
          [-1.5282e-03,  1.7146e-02,  3.8111e-02],
          [-3.8750e-02, -1.0943e-02,  4.9803e-02]],

         [[-1.5923e-01, -1.4115e-01, -7.7064e-02],
          [-1.1947e-01, -6.9989e-02, -8.2935e-02],
          [-7.5376e-02,  3.5938e-02, -7.8572e-02]],

         [[ 1.3377e-02, -4.9279e-03, -7.8251e-02],
          [-1.8314e-02,  3.1125e-02,  1.8711e-02],
          [ 2.6158e-02, -3.1454e-02, -4.6229e-02]],

         ...,

         [[ 2.6688e-03, -4.0465e-02, -9.0694e-03],
          [ 2.4247e-03, -5.8516e-02, -3.7207e-02],
          [ 5.4564e-02, -5.4459e-02, -1.3307e-02]],

         [[-2.5325e-02,  6.8308e-02,  4.2357e-02],
          [ 4.4977e-02, -9.4806e-03, -4.2172e-02],
          [-7.1687e-04,  5.3651e-02,  1.8854e-02]],

         [[-3.4826e-02, -5.7609e-02,  5.0032e-02],
          [ 1.5194e-02,  3.4383e-02, -5.4371e-02],
          [ 9.6321e-03,  4.6844e-02, -6.0782e-02]]],


        [[[-4.8307e-02, -4.7718e-02, -2.5050e-02],
          [ 1.6211e-03,  3.5206e-02, -1.8297e-02],
          [ 5.0056e-02,  5.1008e-02,  4.1991e-02]],

         [[-5.2456e-02,  1.3473e-02,  2.5193e-02],
          [ 3.7942e-02, -6.4602e-02, -2.2504e-02],
          [-3.0086e-02, -2.9639e-02,  8.1927e-03]],

         [[-4.2872e-03,  2.5714e-02, -4.3055e-02],
          [-1.8572e-02,  2.9545e-02, -1.4041e-02],
          [ 7.8528e-03, -2.9386e-02,  6.3852e-02]],

         ...,

         [[ 9.4890e-03, -2.2577e-02,  4.2450e-02],
          [-3.7956e-02,  2.4343e-03,  5.0313e-02],
          [ 1.6552e-02, -3.9778e-02,  5.8728e-02]],

         [[-3.0632e-02, -2.1110e-02,  3.6679e-02],
          [-2.7991e-02,  1.2080e-02,  2.7218e-02],
          [ 3.7317e-02, -2.8025e-02,  6.3487e-02]],

         [[ 5.0863e-02, -1.6842e-02,  4.6450e-03],
          [-1.5123e-02, -2.7560e-02,  5.1063e-02],
          [ 5.0261e-02,  1.9446e-02,  5.3997e-02]]]], device='cuda:0')

----------------------body.0.bias----------------------
tensor([-0.0492,  0.0119, -0.0228,  0.0302,  0.0073, -0.0332,  0.0102,  0.0245,
        -0.0130, -0.0036, -0.0456,  0.0523, -0.0530, -0.0312, -0.0391, -0.0238,
        -0.0229,  0.0182,  0.0462,  0.0094,  0.0179,  0.0468, -0.0541,  0.0077,
         0.0312,  0.0111, -0.0259, -0.0144, -0.0209,  0.0644, -0.0186, -0.0102],
       device='cuda:0')

----------------------body.2.weight----------------------
tensor([[[[ 0.0571,  0.0462, -0.0218],
          [ 0.0727,  0.1346,  0.0709],
          [-0.0306,  0.0090,  0.0583]],

         [[-0.0134, -0.0263,  0.0437],
          [ 0.0113, -0.0200,  0.0531],
          [ 0.0103,  0.0188,  0.0829]],

         [[ 0.0262,  0.0771, -0.0015],
          [-0.0325,  0.0255, -0.0236],
          [ 0.0417, -0.0071,  0.0051]],

         ...,

         [[ 0.0081,  0.0175, -0.0189],
          [ 0.0124, -0.0226,  0.0469],
          [-0.0078,  0.0506,  0.0596]],

         [[ 0.0798,  0.0445, -0.0238],
          [ 0.0383,  0.0589,  0.0313],
          [ 0.0724,  0.1028,  0.0504]],

         [[ 0.0528, -0.0054,  0.0074],
          [-0.0250, -0.0509,  0.0215],
          [-0.0617,  0.0317, -0.0506]]],


        [[[ 0.0036, -0.0552,  0.0697],
          [-0.0911, -0.1179,  0.0212],
          [-0.0122, -0.0250,  0.0520]],

         [[ 0.0179,  0.0419,  0.0317],
          [-0.0601, -0.0281, -0.0412],
          [-0.0592,  0.0626, -0.0246]],

         [[ 0.0182, -0.0267,  0.0492],
          [ 0.0501,  0.0456,  0.0246],
          [ 0.0515,  0.0133, -0.0036]],

         ...,

         [[-0.0282,  0.0338, -0.0012],
          [-0.0324, -0.0026, -0.0397],
          [-0.0102,  0.0440, -0.0080]],

         [[ 0.0063,  0.0087,  0.0251],
          [-0.0281, -0.0424,  0.0613],
          [ 0.0254,  0.0098, -0.0457]],

         [[-0.0385,  0.0075,  0.0296],
          [-0.0540, -0.0551, -0.0119],
          [ 0.0444, -0.0531,  0.0457]]],


        [[[ 0.0547, -0.0090, -0.0006],
          [-0.0009,  0.0529, -0.0037],
          [ 0.0117, -0.0367, -0.0169]],

         [[-0.0310, -0.0027, -0.0114],
          [ 0.0111,  0.0041, -0.0501],
          [ 0.0401,  0.0260,  0.0404]],

         [[ 0.0417,  0.0146,  0.0343],
          [ 0.0250,  0.0337, -0.0318],
          [ 0.0240, -0.0051,  0.0298]],

         ...,

         [[-0.0313,  0.0332, -0.0006],
          [-0.0004,  0.0031, -0.0068],
          [ 0.0295, -0.0089, -0.0254]],

         [[ 0.0108, -0.0293,  0.0236],
          [ 0.0117,  0.0381, -0.0071],
          [ 0.0023, -0.0189, -0.0175]],

         [[ 0.0051,  0.0344, -0.0180],
          [ 0.0514, -0.0131, -0.0072],
          [ 0.0515, -0.0058,  0.0364]]],


        ...,


        [[[ 0.0338,  0.0784,  0.0020],
          [-0.0023,  0.0343,  0.0294],
          [ 0.0395,  0.0090,  0.0068]],

         [[ 0.0476, -0.0508,  0.0181],
          [ 0.0002,  0.0344, -0.0245],
          [-0.0412,  0.0286,  0.0179]],

         [[ 0.0224, -0.0245,  0.0132],
          [ 0.0268,  0.0301,  0.0319],
          [-0.0175, -0.0413, -0.0021]],

         ...,

         [[ 0.0275,  0.0439, -0.0213],
          [-0.0054,  0.0326,  0.0292],
          [ 0.0766,  0.0720, -0.0039]],

         [[ 0.0449, -0.0058,  0.0194],
          [ 0.0217,  0.0383,  0.0687],
          [-0.0344,  0.0750,  0.0643]],

         [[-0.0173, -0.0037, -0.0067],
          [ 0.0383, -0.0114,  0.0219],
          [-0.0388,  0.0311, -0.0201]]],


        [[[ 0.0672, -0.0463, -0.0364],
          [ 0.0470, -0.0047, -0.0447],
          [-0.0610, -0.0797, -0.0415]],

         [[-0.0502, -0.0622, -0.0324],
          [ 0.0414, -0.0431, -0.0521],
          [ 0.0207, -0.0463, -0.0294]],

         [[-0.0114, -0.0051, -0.0304],
          [-0.0566, -0.0583, -0.0174],
          [ 0.0218,  0.0043,  0.0525]],

         ...,

         [[ 0.0499, -0.0437, -0.0199],
          [ 0.0484,  0.0275,  0.0295],
          [-0.0170,  0.0265,  0.0206]],

         [[ 0.0128,  0.0680,  0.0024],
          [ 0.0347, -0.0428,  0.0097],
          [-0.0623,  0.0172,  0.0141]],

         [[ 0.0436,  0.0401, -0.0273],
          [ 0.0417, -0.0553,  0.0451],
          [ 0.0220, -0.0082,  0.0155]]],


        [[[ 0.0519, -0.0184,  0.0373],
          [ 0.0261,  0.0720,  0.0054],
          [ 0.0211,  0.0027,  0.0437]],

         [[-0.0548,  0.0190,  0.0275],
          [-0.0034, -0.0476,  0.0395],
          [ 0.0399, -0.0161,  0.0089]],

         [[-0.0204, -0.0257,  0.0626],
          [ 0.0190,  0.0025,  0.0440],
          [ 0.0335,  0.0277,  0.0287]],

         ...,

         [[ 0.0108,  0.0021,  0.0381],
          [-0.0620, -0.0031, -0.0403],
          [-0.0298, -0.0466, -0.0214]],

         [[-0.0499, -0.0453,  0.0405],
          [ 0.0399, -0.0125, -0.0149],
          [-0.0234,  0.0228, -0.0149]],

         [[ 0.0297,  0.0064,  0.0187],
          [-0.0242, -0.0211,  0.0316],
          [ 0.0454, -0.0272,  0.0368]]]], device='cuda:0')

----------------------body.2.bias----------------------
tensor([ 0.0054,  0.0589, -0.0194,  0.0512,  0.0284,  0.0481,  0.0037,  0.0414,
         0.0011,  0.0063,  0.0004,  0.0164,  0.0588,  0.0467, -0.0271, -0.0203,
         0.0342, -0.0199, -0.0074,  0.0159, -0.0327, -0.0426,  0.0504, -0.0319,
        -0.0447,  0.0257,  0.0075,  0.0326, -0.0029,  0.0123, -0.0107,  0.0176],
       device='cuda:0')

----------------------body.4.weight----------------------
tensor([[[[-6.3490e-03, -2.2073e-02,  6.2121e-02],
          [-8.4197e-02, -4.9812e-02,  1.7879e-02],
          [-1.3563e-02, -2.2418e-02,  3.1017e-02]],

         [[-4.3808e-02,  1.9349e-02,  3.0555e-02],
          [-3.1505e-02, -5.6145e-02, -4.6100e-03],
          [ 6.9814e-02,  1.9202e-02,  4.8396e-02]],

         [[-4.6463e-02,  4.9653e-02,  5.9396e-02],
          [-4.4685e-02,  1.8365e-02, -9.6534e-03],
          [ 6.3162e-02, -2.4247e-02, -5.4637e-02]],

         ...,

         [[ 5.0663e-02, -1.1075e-02, -3.6131e-02],
          [-5.2482e-02, -5.1697e-02,  3.9497e-02],
          [ 3.4738e-02, -1.9324e-03, -3.1771e-03]],

         [[ 2.2428e-02,  4.4713e-02,  3.8986e-02],
          [ 3.9774e-02,  2.2250e-02,  1.1243e-02],
          [-1.3089e-02,  3.8800e-02,  1.8084e-02]],

         [[ 3.8551e-02,  6.2811e-02,  4.9964e-02],
          [ 5.4361e-02,  5.0223e-02, -8.6957e-03],
          [-1.9079e-02,  1.6310e-02,  3.6946e-02]]],


        [[[-5.0211e-02,  2.6218e-02,  4.8073e-02],
          [-2.6993e-02, -2.7753e-02, -2.7783e-02],
          [ 6.9416e-02, -7.7699e-03, -2.8842e-02]],

         [[ 3.5207e-02, -4.5726e-02, -6.0709e-02],
          [ 4.9235e-02,  6.4244e-03,  1.0246e-02],
          [ 3.8055e-02, -7.0211e-03, -4.5420e-03]],

         [[-1.1558e-02,  2.6935e-02, -1.7084e-02],
          [ 1.5272e-04, -4.1552e-02, -3.1717e-02],
          [-5.3982e-02,  3.9249e-02,  4.5420e-02]],

         ...,

         [[-1.3122e-02,  4.1926e-02,  3.6688e-02],
          [-1.3563e-02, -2.4619e-02,  1.0940e-02],
          [ 3.3744e-02,  6.6300e-02,  5.0936e-02]],

         [[-1.1334e-02,  3.1683e-03,  3.7266e-02],
          [ 1.7821e-02,  3.3606e-02,  5.6478e-02],
          [ 2.5641e-02,  8.7292e-05, -5.3856e-02]],

         [[-2.5693e-02,  3.2714e-02,  5.6519e-02],
          [ 2.1100e-02, -4.0855e-02, -4.7822e-02],
          [ 5.5418e-02, -1.7519e-02, -1.5014e-02]]],


        [[[-2.4430e-02,  8.5167e-03,  5.7690e-02],
          [ 3.7691e-02,  5.3515e-02,  9.2129e-02],
          [-2.7866e-02, -1.6448e-02, -1.0244e-02]],

         [[ 3.9531e-02,  4.9836e-02,  5.1079e-03],
          [ 4.0581e-02, -5.6167e-02, -2.0395e-02],
          [ 8.2631e-03, -8.2665e-04,  4.2907e-02]],

         [[-1.9485e-02,  5.4792e-02, -1.1334e-02],
          [ 2.4437e-03,  1.5007e-02,  5.6492e-02],
          [-1.8151e-02, -5.5672e-03,  4.4349e-02]],

         ...,

         [[-2.0835e-02, -3.1583e-02,  3.2519e-02],
          [ 1.1727e-02,  2.3099e-03,  5.1896e-02],
          [-3.7291e-02,  4.3394e-02,  3.3970e-02]],

         [[-3.5514e-02,  5.8597e-02,  2.6668e-02],
          [-4.0108e-02,  5.7688e-02, -3.8158e-02],
          [ 8.4150e-03,  2.8313e-02,  3.6126e-02]],

         [[-4.7793e-02,  6.0244e-02,  6.1948e-02],
          [ 3.9563e-02,  3.0577e-02, -2.6775e-02],
          [ 4.2100e-02,  4.6152e-03, -3.5915e-03]]],


        ...,


        [[[ 2.2806e-02, -4.0025e-02, -2.9343e-03],
          [-6.4315e-02, -2.5374e-02,  6.8400e-02],
          [ 7.2667e-03, -1.1346e-02,  3.6964e-02]],

         [[-1.1376e-02,  1.7204e-02,  3.5332e-02],
          [ 6.0457e-02, -1.9233e-02, -3.1001e-02],
          [-1.6853e-02, -3.3962e-02, -4.8900e-02]],

         [[ 2.3550e-02,  5.9186e-02, -2.6415e-02],
          [ 8.2497e-03,  3.8430e-02,  5.8633e-02],
          [ 3.6917e-02, -1.7804e-02, -8.9893e-03]],

         ...,

         [[ 1.9687e-02,  5.0371e-02,  1.8718e-02],
          [-6.6587e-02,  4.9312e-02,  5.9319e-02],
          [ 5.8058e-02, -5.1231e-02, -3.0333e-02]],

         [[-2.2868e-02,  5.4990e-02,  5.8395e-02],
          [ 4.7637e-03,  5.0099e-02,  1.3549e-02],
          [-1.6277e-02,  2.6059e-02, -3.2746e-02]],

         [[ 2.3756e-02,  3.5150e-02,  6.1105e-02],
          [-5.5138e-02, -5.2039e-03, -1.2733e-03],
          [ 2.6598e-02,  5.2160e-02, -3.1441e-04]]],


        [[[ 7.6536e-03, -6.0973e-02,  8.2838e-03],
          [-9.5869e-03,  4.8468e-02,  2.1261e-03],
          [ 6.8772e-03, -1.5258e-02,  4.0260e-02]],

         [[-3.7958e-02,  3.0258e-02,  8.4800e-03],
          [-3.4064e-02,  5.0345e-02,  5.4402e-03],
          [-1.3402e-02,  5.0461e-03, -2.5719e-02]],

         [[-3.2723e-02,  3.8290e-02,  4.8812e-02],
          [-2.7870e-02,  1.9133e-02, -4.0335e-02],
          [-2.8036e-02, -5.7005e-02,  3.2684e-02]],

         ...,

         [[-8.3927e-03, -3.5854e-02, -4.6108e-02],
          [-1.7556e-02, -3.7627e-02,  2.4811e-02],
          [-1.6562e-02,  5.1000e-02,  3.1925e-02]],

         [[-1.6318e-02, -8.0656e-03, -5.6823e-02],
          [ 2.2404e-02, -4.2158e-03,  4.1917e-02],
          [-5.5314e-02,  4.5824e-03, -3.0089e-02]],

         [[-3.7883e-02, -8.3027e-03,  2.1315e-02],
          [ 2.2334e-02, -2.9170e-02, -4.6022e-02],
          [ 1.9983e-02, -4.0394e-02, -6.8054e-04]]],


        [[[ 8.4850e-02, -1.8139e-02, -5.4992e-03],
          [ 3.4375e-02,  1.7334e-02,  3.3662e-02],
          [ 5.1451e-02,  3.1344e-02,  5.2318e-02]],

         [[-4.2147e-02, -4.4184e-02, -4.4623e-02],
          [ 1.0506e-02, -4.2010e-02,  4.7922e-02],
          [ 3.0330e-02,  1.9147e-02, -2.9538e-04]],

         [[-3.3498e-02,  1.5724e-02, -4.1770e-02],
          [-4.1435e-02, -2.0811e-02, -2.1245e-02],
          [-2.4698e-02,  1.6252e-02, -4.8914e-02]],

         ...,

         [[-2.3809e-02, -1.5306e-02,  5.2812e-02],
          [-2.4568e-02,  3.0896e-05,  9.1304e-03],
          [ 5.3580e-02, -1.0816e-02,  3.0971e-02]],

         [[ 2.7324e-02, -1.1545e-02, -1.5585e-02],
          [-5.3315e-02, -6.8310e-03, -4.4041e-02],
          [ 5.2939e-03, -3.4385e-02, -1.5767e-02]],

         [[-3.2968e-02,  2.1999e-02,  3.7690e-02],
          [-1.7894e-02, -5.9351e-02, -2.4346e-02],
          [ 5.4799e-02,  4.6742e-02, -4.2045e-02]]]], device='cuda:0')

----------------------body.4.bias----------------------
tensor([ 0.0098,  0.0133, -0.0310, -0.0045,  0.0411,  0.0547,  0.0135, -0.0454,
         0.0121,  0.0137,  0.0215,  0.0025,  0.0496, -0.0293, -0.0493, -0.0338,
        -0.0074, -0.0149, -0.0432,  0.0206,  0.0545,  0.0359, -0.0016,  0.0021,
        -0.0359, -0.0232,  0.0227, -0.0494,  0.0551,  0.0484, -0.0405, -0.0026],
       device='cuda:0')

----------------------feature_head.weight----------------------
tensor([[[[ 0.0303,  0.0376,  0.0468],
          [ 0.0455,  0.0292,  0.0018],
          [ 0.0594,  0.0481, -0.0508]],

         [[ 0.0214,  0.0569, -0.0222],
          [-0.0105, -0.0224,  0.0185],
          [ 0.0535, -0.0065, -0.0422]],

         [[ 0.0155, -0.0024, -0.0399],
          [ 0.0534,  0.0099,  0.0041],
          [ 0.0293, -0.0222,  0.0320]],

         [[-0.0636,  0.0311,  0.0466],
          [ 0.0447, -0.0188, -0.0274],
          [-0.0432,  0.0004,  0.0206]],

         [[-0.0433,  0.0333, -0.0061],
          [-0.0086, -0.0199,  0.0421],
          [-0.0155, -0.0040, -0.0388]],

         [[-0.0425, -0.0508, -0.0130],
          [ 0.0541, -0.0221, -0.0534],
          [ 0.0443,  0.0206,  0.0201]],

         [[ 0.0809, -0.0141, -0.0222],
          [ 0.0965,  0.0182, -0.0181],
          [ 0.0374, -0.0269,  0.0332]],

         [[-0.0128, -0.0588, -0.0265],
          [-0.0014, -0.0211,  0.0279],
          [-0.0261, -0.0687, -0.0035]],

         [[ 0.0528,  0.0027,  0.0374],
          [ 0.0374,  0.0157,  0.0417],
          [ 0.0057,  0.0461, -0.0493]],

         [[-0.0007,  0.0554,  0.0439],
          [ 0.0657, -0.0149,  0.0497],
          [ 0.0158,  0.0631,  0.0289]],

         [[ 0.0400, -0.0225, -0.0157],
          [ 0.0584,  0.0612,  0.0336],
          [ 0.0208, -0.0063, -0.0104]],

         [[-0.0604, -0.0126,  0.0188],
          [-0.0331, -0.0166, -0.0131],
          [-0.0656, -0.0219, -0.0658]],

         [[-0.0095,  0.0064,  0.0466],
          [ 0.0139, -0.0478, -0.0551],
          [ 0.0389, -0.0283, -0.0299]],

         [[ 0.0222,  0.0064, -0.0140],
          [ 0.0152,  0.0167,  0.0284],
          [ 0.0524, -0.0247,  0.0017]],

         [[-0.0314, -0.0009, -0.0241],
          [ 0.0348,  0.0358, -0.0190],
          [-0.0033, -0.0516, -0.0293]],

         [[ 0.0207, -0.0097, -0.0524],
          [-0.0215, -0.0549, -0.0034],
          [ 0.0394, -0.0352, -0.0149]],

         [[-0.0063,  0.0493, -0.0480],
          [ 0.0367, -0.0191, -0.0147],
          [-0.0353, -0.0345,  0.0220]],

         [[ 0.0225, -0.0361,  0.0164],
          [-0.0163, -0.0016, -0.0166],
          [-0.0627, -0.0670, -0.0974]],

         [[-0.0156, -0.0348, -0.0035],
          [ 0.0324,  0.0011,  0.0275],
          [-0.0569, -0.0289,  0.0159]],

         [[-0.0252, -0.0447, -0.0034],
          [ 0.0247,  0.0484,  0.0270],
          [-0.0472, -0.0020, -0.0050]],

         [[ 0.0125, -0.0136, -0.0535],
          [ 0.0098,  0.0007,  0.0077],
          [ 0.0286, -0.0107, -0.0224]],

         [[-0.0627,  0.0057, -0.0032],
          [-0.0265, -0.0083,  0.0195],
          [ 0.0369, -0.0043,  0.0109]],

         [[ 0.0074,  0.0455, -0.0368],
          [-0.0054, -0.0559,  0.0372],
          [-0.0069, -0.0024,  0.0094]],

         [[-0.0169, -0.0060, -0.0418],
          [ 0.0030, -0.0491, -0.0587],
          [-0.0229, -0.0054,  0.0048]],

         [[-0.0406,  0.0282,  0.0256],
          [-0.0273,  0.0028, -0.0357],
          [ 0.1098,  0.0453,  0.0773]],

         [[-0.0282, -0.0167, -0.0053],
          [ 0.0415,  0.0143,  0.0348],
          [ 0.0028, -0.0377,  0.0172]],

         [[-0.0332, -0.0093,  0.0313],
          [ 0.0025,  0.0237, -0.0598],
          [-0.0492,  0.0360,  0.0309]],

         [[ 0.0183,  0.0455, -0.0300],
          [ 0.0088, -0.0925, -0.0952],
          [-0.0121, -0.0959, -0.0664]],

         [[ 0.0275,  0.0547, -0.0420],
          [-0.0351,  0.0334,  0.0040],
          [ 0.0071, -0.0157,  0.0523]],

         [[-0.0119, -0.0265,  0.0491],
          [-0.0106,  0.0326, -0.0267],
          [ 0.0087, -0.0007,  0.0326]],

         [[-0.0341, -0.0483, -0.0582],
          [-0.0418, -0.0047,  0.0080],
          [ 0.0525,  0.0275, -0.0299]],

         [[-0.0037,  0.0265,  0.0573],
          [-0.0432,  0.0027, -0.0481],
          [-0.0440,  0.0135,  0.0014]]]], device='cuda:0')

----------------------feature_head.bias----------------------
tensor([-0.0391], device='cuda:0')

----------------------colour_head.0.weight----------------------
tensor([[[[-4.1948e-02,  4.1144e-02,  3.6386e-02],
          [-2.8559e-02, -2.9972e-02, -4.0516e-02],
          [ 4.8373e-02,  2.2208e-03,  5.2820e-02]],

         [[ 4.8132e-02, -3.7169e-02, -4.6352e-02],
          [-4.4257e-02,  4.1278e-02, -4.8161e-02],
          [-3.9358e-02,  4.2550e-02, -4.2612e-02]],

         [[-3.4678e-02, -3.4643e-02, -3.7212e-02],
          [ 6.7306e-02,  4.8889e-02,  5.4344e-02],
          [ 4.1433e-02,  2.6637e-02, -4.0836e-03]],

         [[ 6.8108e-03,  1.8639e-02,  3.9964e-02],
          [ 3.8486e-02,  5.3558e-02, -1.1508e-02],
          [ 4.8918e-02, -1.4477e-02,  2.3994e-02]],

         [[ 1.0273e-02,  3.5691e-02,  3.4370e-03],
          [-5.9139e-03, -7.4356e-03, -2.1989e-02],
          [ 3.4426e-02,  4.5051e-02,  2.6289e-02]],

         [[-2.5570e-02,  1.1734e-02, -2.1996e-02],
          [ 2.4078e-02,  3.6385e-02,  5.5064e-02],
          [ 3.9432e-02, -4.8311e-02, -3.3589e-02]],

         [[-2.7346e-02, -2.0894e-02, -8.8505e-02],
          [-2.1381e-02,  2.1111e-02, -4.6019e-02],
          [-1.1007e-02, -7.0417e-02,  2.6530e-02]],

         [[ 4.0555e-02, -8.8026e-03, -1.5402e-02],
          [ 5.6855e-02, -4.2067e-02, -8.2002e-03],
          [-6.3096e-02,  5.0809e-02,  1.3109e-02]],

         [[-1.6124e-02,  9.3397e-03,  5.5060e-02],
          [ 2.0992e-02,  3.7172e-02, -3.5415e-02],
          [-3.5170e-02,  3.6844e-02,  3.3189e-02]],

         [[ 5.5871e-03,  4.5546e-02, -5.1017e-02],
          [ 4.2178e-02, -4.2293e-02, -4.4010e-02],
          [ 9.7363e-03,  4.4263e-02,  3.7084e-02]],

         [[ 9.3706e-03,  3.0090e-02, -2.7791e-02],
          [ 5.6123e-02,  3.8592e-02,  1.9678e-02],
          [ 5.9339e-02, -1.6128e-02, -3.3923e-02]],

         [[-3.1863e-02,  2.6687e-02, -5.0278e-02],
          [ 7.8663e-03,  5.1809e-02, -4.1425e-02],
          [ 3.2590e-04,  2.4076e-02, -3.7745e-02]],

         [[-1.1929e-02,  2.2190e-02,  2.8780e-02],
          [-5.6955e-02, -6.0207e-02,  2.4375e-02],
          [ 2.0172e-02, -1.1018e-02, -4.2127e-02]],

         [[ 6.0079e-02,  5.1555e-02, -2.7834e-02],
          [ 5.0550e-02,  4.0646e-02, -3.4163e-05],
          [ 5.6238e-03, -2.5922e-02,  5.0447e-02]],

         [[ 4.4147e-02,  3.9809e-02,  5.5100e-02],
          [-5.5927e-03,  8.4957e-03,  5.7438e-02],
          [ 4.7858e-02,  2.4538e-02,  1.1934e-02]],

         [[-9.5351e-05,  1.3956e-02,  4.5135e-02],
          [ 3.8920e-02, -2.7477e-03, -2.8600e-02],
          [-3.2213e-03, -7.5188e-03,  6.6901e-02]],

         [[-4.4261e-02,  3.5271e-02,  4.1287e-02],
          [ 3.4881e-02,  2.0596e-02, -4.1677e-03],
          [-5.0865e-02,  2.9363e-02, -4.6475e-02]],

         [[-1.4260e-02,  1.3420e-02,  5.5835e-02],
          [ 2.6268e-03, -4.1374e-02, -1.0974e-02],
          [ 2.9110e-03, -7.6797e-02, -3.8158e-02]],

         [[ 8.7182e-04, -3.4330e-02, -4.4477e-02],
          [-3.3751e-02, -1.8712e-02, -4.7963e-02],
          [ 3.9112e-02,  2.2361e-03, -3.9804e-02]],

         [[ 5.5542e-04, -2.9122e-02, -2.1006e-02],
          [ 5.2574e-02,  4.7137e-02, -5.5077e-02],
          [-3.3367e-02,  1.8519e-02, -2.7800e-02]],

         [[ 2.6079e-02,  2.7388e-02,  3.4410e-02],
          [-1.7529e-02, -1.2473e-02,  2.8248e-02],
          [-6.3423e-02,  3.7650e-02, -4.3688e-02]],

         [[-7.3568e-03, -1.1912e-03,  2.1967e-02],
          [ 4.5768e-02, -4.8594e-02, -3.2656e-02],
          [ 1.7706e-02,  1.3770e-02, -2.7040e-02]],

         [[-3.3134e-02,  4.5090e-02,  1.1635e-02],
          [-3.9837e-02,  5.2409e-02,  3.3321e-02],
          [ 2.1041e-02, -1.2694e-02,  1.8159e-02]],

         [[ 1.4212e-02, -3.4101e-03, -5.7470e-02],
          [ 2.4653e-02, -7.9318e-03,  4.6152e-02],
          [-1.8524e-02,  1.0202e-02, -3.2184e-02]],

         [[-6.4881e-04,  6.2781e-02, -5.4247e-02],
          [ 1.3822e-02, -5.1184e-02, -6.9022e-02],
          [-9.3352e-02, -4.2708e-02,  2.8063e-02]],

         [[ 6.5443e-02,  6.8079e-02, -3.4195e-02],
          [ 1.9051e-02,  2.6214e-03, -1.7722e-02],
          [-1.1059e-02, -3.0693e-02, -4.4584e-02]],

         [[ 4.4680e-02, -3.7771e-02,  3.3559e-02],
          [-3.1241e-02, -1.0380e-02, -1.5168e-02],
          [ 4.7880e-02, -5.2254e-02,  1.4598e-03]],

         [[-1.9857e-02,  6.5534e-02, -3.1955e-05],
          [-2.8096e-02, -5.3399e-02,  4.0045e-02],
          [-1.0277e-02,  8.0627e-03, -4.1372e-02]],

         [[-3.4516e-02,  1.9999e-02, -1.0530e-02],
          [-8.0352e-03,  4.3582e-02, -1.1543e-03],
          [ 3.5497e-02, -4.4234e-02,  2.1166e-02]],

         [[-4.8749e-02, -1.8419e-02,  2.8473e-02],
          [-3.7664e-02,  3.5686e-02,  3.5447e-02],
          [ 2.3068e-02, -5.8046e-03,  1.2128e-02]],

         [[ 1.4786e-02, -1.4801e-02, -4.5351e-02],
          [ 1.7627e-03,  3.6650e-02, -2.1338e-02],
          [ 1.7690e-02, -1.8140e-02, -1.9328e-02]],

         [[-3.1838e-02, -3.6181e-02,  9.9681e-03],
          [-3.1306e-02, -6.8667e-02,  5.1361e-02],
          [-5.3679e-02, -1.7607e-03,  1.5542e-02]]],


        [[[-7.3396e-03,  3.9860e-02, -2.6452e-02],
          [ 4.9222e-02,  1.8813e-02, -8.4552e-03],
          [-5.4792e-02,  1.9169e-02, -4.7762e-02]],

         [[ 2.3505e-02, -2.9536e-02, -3.4980e-02],
          [-5.3834e-03, -4.7185e-02, -3.1977e-03],
          [ 1.1872e-02,  2.3151e-02,  4.8200e-02]],

         [[ 3.8273e-02,  3.3165e-02, -3.3101e-02],
          [-1.5879e-02,  6.3564e-02, -2.1269e-02],
          [ 9.2965e-03,  3.7784e-02,  5.6941e-02]],

         [[ 2.0174e-02,  2.5900e-02,  6.1966e-02],
          [ 4.5464e-02, -1.8975e-02,  2.4856e-02],
          [ 8.7713e-03,  3.4728e-02, -2.2653e-02]],

         [[-1.6840e-02,  1.7185e-02,  4.3689e-02],
          [ 2.2211e-02, -3.7406e-02,  1.5792e-02],
          [-1.4709e-02,  2.1166e-02,  2.1572e-02]],

         [[ 1.3070e-02, -3.4251e-02,  4.0730e-02],
          [ 1.8511e-03,  4.9867e-02,  3.4768e-02],
          [ 1.9312e-02, -1.9605e-02,  3.9629e-02]],

         [[-4.0467e-02, -3.8157e-02, -8.2009e-02],
          [ 1.5297e-02,  5.3740e-02, -3.8240e-02],
          [-6.6993e-02, -1.2477e-01, -3.4835e-02]],

         [[ 2.8630e-02, -1.8684e-02,  1.6874e-02],
          [ 3.3448e-02,  1.6652e-02,  1.0620e-02],
          [ 1.8050e-02,  3.5856e-02, -3.5695e-02]],

         [[-3.2651e-02, -1.9971e-02, -6.3794e-02],
          [ 5.2181e-03, -7.6411e-03, -6.7304e-03],
          [ 2.3229e-02, -4.6231e-02, -1.3014e-02]],

         [[ 3.8961e-02,  2.6176e-02,  2.4925e-02],
          [-6.3086e-03, -1.5484e-02, -2.1839e-02],
          [-4.2603e-02,  3.4829e-02, -4.2674e-02]],

         [[ 4.7085e-02, -6.6904e-03,  1.7501e-02],
          [ 5.8039e-02,  8.1582e-03,  4.6214e-02],
          [ 1.8599e-02, -2.4357e-02, -2.1186e-02]],

         [[-1.0591e-02,  6.1446e-02, -2.7482e-02],
          [-1.2546e-02, -2.5768e-03, -2.8519e-02],
          [-1.8184e-02,  1.8156e-02,  4.1230e-02]],

         [[-2.3382e-02, -1.8829e-02, -4.5893e-02],
          [ 1.3809e-02,  8.4263e-03,  2.6774e-02],
          [ 4.7823e-02, -2.9625e-02,  4.1983e-02]],

         [[-2.6220e-02, -3.3393e-03, -3.9366e-02],
          [ 4.4327e-03, -3.0744e-02, -5.5783e-02],
          [-2.1699e-02, -1.6374e-02, -3.8298e-02]],

         [[ 4.4436e-02,  5.4712e-02,  8.0690e-03],
          [-6.4117e-03, -3.7249e-02,  5.9935e-02],
          [ 1.8437e-02,  1.0936e-02, -3.3147e-03]],

         [[ 5.1450e-02,  4.4892e-02,  6.0510e-02],
          [ 4.5758e-02, -5.6061e-02, -5.5003e-02],
          [-3.6145e-02, -4.8599e-02, -4.8230e-04]],

         [[-1.5903e-02, -9.1471e-03,  2.9399e-02],
          [-1.3614e-02,  4.2797e-02,  2.5699e-02],
          [ 4.7829e-02,  3.5866e-02, -2.0446e-02]],

         [[ 1.6036e-02,  5.6783e-02,  1.2155e-02],
          [-3.2297e-02, -6.4208e-02,  1.9528e-02],
          [ 1.5738e-02, -9.0537e-02, -9.0151e-02]],

         [[ 2.1107e-02, -2.6480e-02, -5.7168e-02],
          [ 9.2767e-02, -2.0127e-02, -2.1493e-02],
          [ 4.7407e-02,  1.9831e-03, -9.5272e-04]],

         [[ 2.7526e-02, -2.7859e-02, -2.7061e-02],
          [-3.4996e-03, -5.9081e-02, -3.9646e-02],
          [ 3.1114e-02,  1.5916e-03, -4.1565e-02]],

         [[-4.2168e-02, -1.8505e-02,  5.6343e-02],
          [ 3.0213e-02, -4.2028e-02,  2.8162e-02],
          [-4.8455e-02,  5.7896e-02,  1.0056e-02]],

         [[-1.1659e-02,  4.8167e-02,  3.8336e-03],
          [-7.4455e-02,  2.5251e-02,  1.3587e-02],
          [-6.6046e-02, -3.2832e-03,  5.5851e-02]],

         [[ 3.3116e-02, -5.2840e-02, -3.2241e-02],
          [ 5.8664e-02,  5.5868e-02,  1.5348e-02],
          [-1.4483e-02,  6.0132e-02,  1.0833e-02]],

         [[ 4.1854e-02, -5.7863e-02, -4.0004e-02],
          [ 5.7556e-03, -1.1892e-03, -2.2433e-03],
          [-2.9601e-02,  1.9757e-02, -5.0582e-02]],

         [[-2.2759e-03, -4.0333e-02, -2.5188e-02],
          [-2.4164e-02, -6.1331e-02, -1.0004e-01],
          [-6.1846e-02,  4.8673e-02,  2.4553e-02]],

         [[ 3.2345e-02,  5.4948e-02, -1.6283e-02],
          [-4.8842e-02,  3.0516e-02,  4.1966e-02],
          [-3.6094e-02, -4.2784e-02, -2.1252e-02]],

         [[ 6.8244e-03,  1.4062e-02,  2.6683e-02],
          [ 5.3390e-02, -3.4875e-02,  4.2555e-02],
          [ 5.4660e-02, -2.6990e-02, -3.3786e-02]],

         [[ 3.1079e-02,  5.7980e-02,  6.1218e-03],
          [-6.9775e-02, -4.9789e-02, -6.8259e-02],
          [-2.9465e-02, -4.5755e-02,  6.0947e-02]],

         [[-7.1112e-03,  2.0755e-02,  3.0135e-02],
          [ 2.3651e-02,  2.0634e-02, -8.7698e-03],
          [-1.0160e-02, -5.3881e-02, -3.5490e-02]],

         [[-5.6611e-03,  5.2738e-02, -2.7068e-04],
          [ 2.0594e-02,  2.6484e-02, -4.9993e-02],
          [ 5.1500e-02,  2.2485e-02, -1.0427e-02]],

         [[-2.9704e-02, -3.7682e-02, -2.3117e-02],
          [-2.2879e-02, -5.3327e-04,  4.2981e-02],
          [-4.0432e-02, -3.2501e-02, -1.5417e-02]],

         [[ 8.0514e-03,  4.4875e-02,  1.3415e-02],
          [-9.0755e-03,  4.5666e-02, -1.8708e-02],
          [-2.2846e-02,  2.6202e-02, -2.7786e-02]]],


        [[[-1.9466e-02,  5.9870e-02, -1.3147e-02],
          [-2.0110e-02,  3.1662e-02, -5.5582e-03],
          [ 5.7550e-02,  6.0011e-02,  8.1484e-03]],

         [[-6.7420e-03,  4.2919e-02,  3.8472e-02],
          [-3.4103e-02,  1.9416e-02,  1.5268e-02],
          [ 6.6319e-02, -2.7300e-02, -4.2282e-02]],

         [[-1.2121e-02, -5.4427e-02, -6.5053e-04],
          [ 4.4501e-02, -1.3815e-02,  6.4875e-02],
          [ 4.5336e-02,  5.1534e-02, -2.9503e-02]],

         [[ 4.4125e-02,  4.8272e-02,  4.3891e-02],
          [-3.4436e-02,  3.5686e-02,  2.1229e-02],
          [ 8.5868e-03,  5.6579e-02,  3.2435e-03]],

         [[-1.9414e-02, -2.9942e-02, -3.4605e-02],
          [-1.6888e-02,  5.2566e-02,  3.9786e-02],
          [ 3.3511e-02,  4.0957e-02,  2.4004e-02]],

         [[-1.2232e-02,  2.7672e-02, -1.2485e-02],
          [ 3.2972e-02,  4.0375e-02, -3.2369e-02],
          [-3.8859e-02, -5.1839e-02,  2.0055e-02]],

         [[-2.9382e-02, -6.5705e-02, -5.1992e-02],
          [ 5.8515e-02, -6.0808e-03,  8.9344e-03],
          [-1.4176e-02, -4.0827e-02, -4.9406e-02]],

         [[-4.9243e-03, -1.0037e-03,  2.8013e-02],
          [ 1.0501e-01,  3.9785e-03,  1.7322e-02],
          [ 1.0379e-01,  3.2081e-02,  5.0553e-02]],

         [[ 1.3009e-02, -3.7883e-02, -3.9708e-02],
          [ 3.9327e-03, -3.6725e-03, -2.9728e-02],
          [-5.9576e-02, -1.5607e-02,  3.4017e-03]],

         [[ 6.6689e-02, -2.6776e-02,  1.0048e-02],
          [ 3.5014e-02,  1.8115e-02, -5.7814e-02],
          [-1.6406e-02, -6.3974e-02,  9.3492e-03]],

         [[-1.9523e-02, -3.5979e-02,  4.7278e-02],
          [-1.9510e-02,  2.8371e-02,  3.7139e-02],
          [ 2.9610e-02, -4.7753e-02, -3.8446e-02]],

         [[-5.0706e-02, -1.4596e-03,  6.8687e-03],
          [-4.2349e-02,  1.5044e-02, -7.9189e-02],
          [-3.2949e-02, -2.9202e-02, -1.2688e-02]],

         [[ 6.3906e-02,  6.3531e-02, -5.2113e-02],
          [ 8.2927e-03,  3.8143e-02, -2.9308e-03],
          [-1.1779e-02,  2.1652e-02,  6.4048e-02]],

         [[-1.1295e-02,  1.4494e-02,  9.2395e-04],
          [-2.7863e-02, -4.8943e-02, -3.3393e-02],
          [ 3.8758e-02, -5.5053e-03, -6.5042e-02]],

         [[ 4.3600e-02, -3.1194e-03, -1.6778e-02],
          [ 6.0153e-02, -4.4487e-02, -2.7199e-02],
          [-2.5276e-02,  9.4970e-03,  2.7860e-02]],

         [[-4.0082e-02,  2.0561e-02,  3.5436e-02],
          [-8.5009e-03, -5.1660e-02,  4.8873e-02],
          [ 6.8629e-03, -2.4172e-03,  3.8244e-02]],

         [[ 6.3446e-02,  3.4817e-02, -1.2751e-02],
          [ 4.2025e-03, -8.1428e-03,  4.2426e-02],
          [ 4.7969e-02,  3.9277e-02,  5.0964e-02]],

         [[ 6.7074e-02,  9.7038e-02,  1.8449e-02],
          [-1.5852e-02, -5.3909e-02, -2.3144e-02],
          [-1.4579e-02, -1.0358e-01, -1.5787e-01]],

         [[-9.3925e-03, -5.5664e-03, -1.3980e-02],
          [ 1.7452e-02,  8.1058e-03, -2.5435e-02],
          [-6.3529e-03,  1.2141e-02, -2.7082e-02]],

         [[ 4.4053e-02, -1.7064e-02, -5.6747e-02],
          [-9.2200e-03, -1.4553e-02,  3.2679e-02],
          [ 3.6845e-02,  2.8816e-03, -2.0543e-02]],

         [[ 2.0013e-03,  1.0919e-02,  6.2497e-02],
          [-2.5244e-03,  1.9590e-02,  7.1944e-03],
          [ 1.1709e-02, -4.9750e-02,  7.7500e-03]],

         [[-8.8744e-03, -6.9784e-03,  5.0646e-02],
          [ 2.5166e-04, -3.6028e-02,  4.9467e-02],
          [-7.0764e-02, -3.3531e-03,  3.4407e-02]],

         [[ 3.4207e-02,  2.4954e-02, -3.8797e-03],
          [-2.3648e-02, -3.9887e-03,  1.4165e-02],
          [-4.7848e-02,  2.7331e-02,  6.3027e-02]],

         [[-2.2188e-02,  2.0295e-02,  2.0975e-02],
          [-2.3204e-02,  3.2076e-02,  1.7487e-03],
          [ 4.5253e-02, -1.8470e-02,  4.2163e-02]],

         [[-3.0064e-02,  1.6706e-02, -4.1148e-02],
          [-4.1538e-02, -1.8909e-02,  1.7253e-02],
          [-3.9546e-02,  4.2603e-02,  5.2924e-02]],

         [[ 7.1405e-02,  2.6687e-02,  6.0410e-03],
          [-4.8663e-02, -2.0617e-02, -3.9032e-02],
          [ 3.6766e-02,  6.4898e-03, -2.1999e-02]],

         [[ 1.1316e-02,  4.6983e-02,  6.6225e-02],
          [-2.0613e-02,  3.1509e-02,  1.6607e-02],
          [-3.5627e-02,  3.0620e-02,  2.4633e-02]],

         [[ 7.4435e-03,  6.1937e-02, -5.4182e-03],
          [-5.7702e-02, -4.6633e-02,  2.9445e-03],
          [-4.1180e-02, -3.4471e-02, -3.7108e-02]],

         [[ 2.6448e-02, -1.0144e-04, -4.4408e-02],
          [-4.6737e-02,  5.0339e-02, -4.1788e-02],
          [ 4.1057e-02,  1.4004e-02,  5.6385e-02]],

         [[-4.4407e-02,  3.6434e-02,  3.5614e-02],
          [ 5.0569e-03,  1.2849e-02, -3.8683e-02],
          [ 5.4655e-02,  3.7978e-02,  4.2170e-02]],

         [[ 1.5216e-03, -3.8796e-02,  3.8376e-02],
          [-5.7122e-02,  2.9942e-02,  5.5356e-03],
          [ 1.2469e-02, -2.4800e-02, -2.0842e-02]],

         [[-4.0092e-02, -3.4739e-02, -2.3949e-03],
          [-7.2382e-03, -1.0898e-02, -7.7281e-02],
          [-2.8876e-03, -4.8984e-02, -9.1395e-02]]]], device='cuda:0')

----------------------colour_head.0.bias----------------------
tensor([ 0.0056, -0.0065, -0.0258], device='cuda:0')

----------------------blending_mask_head.0.weight----------------------
tensor([[[[-0.0466, -0.0311,  0.0467],
          [-0.0237, -0.0101, -0.0127],
          [-0.0410,  0.0724,  0.0477]],

         [[ 0.0397,  0.0696,  0.0748],
          [ 0.0256,  0.1249,  0.0991],
          [ 0.0849,  0.0219,  0.0152]],

         [[ 0.0112,  0.0539, -0.0162],
          [ 0.0615,  0.0200, -0.0230],
          [ 0.0307,  0.0334, -0.0005]],

         [[ 0.0234,  0.0498,  0.0263],
          [ 0.0251,  0.0019,  0.0605],
          [ 0.0538,  0.0061,  0.0454]],

         [[ 0.0499,  0.0636, -0.0220],
          [ 0.0484,  0.0463,  0.0503],
          [ 0.0450,  0.0713,  0.0133]],

         [[-0.0141, -0.0098, -0.0179],
          [-0.0312,  0.0630,  0.0390],
          [ 0.0051,  0.0110,  0.0380]],

         [[-0.0144, -0.0482, -0.1090],
          [ 0.0390, -0.0227, -0.0222],
          [ 0.0537, -0.0703, -0.0945]],

         [[ 0.1321,  0.0748,  0.0294],
          [ 0.1362,  0.0410,  0.0938],
          [ 0.0613,  0.0575,  0.0548]],

         [[ 0.1777,  0.1437,  0.1174],
          [ 0.0906,  0.1273,  0.1764],
          [ 0.1727,  0.1820,  0.1716]],

         [[ 0.0562,  0.1001,  0.0468],
          [ 0.1113,  0.0794,  0.0441],
          [ 0.0954,  0.0689,  0.0169]],

         [[ 0.0363,  0.0413,  0.0340],
          [ 0.0821,  0.0526, -0.0196],
          [ 0.0371, -0.0397, -0.0073]],

         [[ 0.1108,  0.1055,  0.0433],
          [ 0.0372,  0.1083,  0.0883],
          [ 0.1611,  0.0740,  0.0456]],

         [[ 0.0465,  0.0736,  0.0868],
          [ 0.0326,  0.1317,  0.1046],
          [ 0.1396,  0.1160,  0.1337]],

         [[ 0.0240,  0.0265,  0.0299],
          [ 0.0262,  0.0434,  0.0361],
          [ 0.0276,  0.0267,  0.0208]],

         [[-0.0500,  0.0427, -0.0295],
          [ 0.0161, -0.0142, -0.0412],
          [-0.0494,  0.0423,  0.0572]],

         [[-0.0437, -0.0089, -0.0136],
          [-0.0562, -0.0587,  0.0053],
          [ 0.0075,  0.0221,  0.0427]],

         [[ 0.0094,  0.0106,  0.0407],
          [ 0.0026, -0.0053, -0.0058],
          [ 0.0373,  0.0068, -0.0010]],

         [[ 0.0976,  0.0985,  0.0819],
          [ 0.0523,  0.0108,  0.1006],
          [-0.1490, -0.0837, -0.1154]],

         [[ 0.1497,  0.0725,  0.1096],
          [ 0.1240,  0.0682,  0.0731],
          [ 0.1432,  0.1408,  0.1210]],

         [[ 0.0535,  0.1505,  0.1087],
          [ 0.0880,  0.0859,  0.0455],
          [ 0.0917,  0.1642,  0.1142]],

         [[ 0.0454,  0.0383,  0.0480],
          [ 0.0830,  0.0679,  0.0150],
          [ 0.0468, -0.0161, -0.0156]],

         [[ 0.1838,  0.1097,  0.1835],
          [ 0.1871,  0.1721,  0.1497],
          [ 0.1742,  0.1444,  0.1988]],

         [[ 0.0458,  0.0488, -0.0592],
          [ 0.0382,  0.0269,  0.0236],
          [ 0.0255, -0.0402, -0.0204]],

         [[-0.0140, -0.0082,  0.0267],
          [ 0.0341, -0.0062, -0.0348],
          [ 0.0196, -0.0097, -0.0512]],

         [[ 0.0087,  0.0195, -0.0231],
          [ 0.0078,  0.0306, -0.0877],
          [ 0.0109, -0.0374, -0.0554]],

         [[ 0.0484,  0.0744,  0.0495],
          [-0.0039, -0.0342, -0.0353],
          [-0.0290, -0.0405, -0.0453]],

         [[ 0.0630,  0.0648, -0.0363],
          [-0.0264, -0.0021,  0.0560],
          [ 0.0543, -0.0506,  0.0510]],

         [[-0.0081,  0.0138, -0.0295],
          [-0.1043, -0.0751, -0.0127],
          [-0.0449, -0.0348, -0.0675]],

         [[ 0.1112,  0.1419,  0.1582],
          [ 0.0567,  0.0669,  0.1677],
          [ 0.0841,  0.1181,  0.1499]],

         [[ 0.0585, -0.0053, -0.0306],
          [ 0.0298, -0.0107,  0.0670],
          [ 0.0582, -0.0361, -0.0006]],

         [[-0.0302,  0.0449, -0.0498],
          [-0.0162,  0.0572, -0.0006],
          [-0.0422,  0.0046,  0.0209]],

         [[ 0.1442,  0.1147,  0.1072],
          [ 0.1738,  0.1253,  0.1013],
          [ 0.1234,  0.1371,  0.1735]]]], device='cuda:0')

----------------------blending_mask_head.0.bias----------------------
tensor([0.1292], device='cuda:0')
