
----------------------input_conv.weight----------------------
tensor([[[[ 1.0355e-01,  1.0986e-01, -2.0724e-03],
          [ 1.2273e-01,  1.5511e-02,  4.8963e-02],
          [-2.4258e-02,  9.6624e-02,  1.1704e-01]],

         [[-5.4458e-02,  1.1365e-01,  4.1951e-02],
          [ 1.0329e-01,  5.2164e-02,  7.7996e-02],
          [ 1.1373e-02,  1.1493e-01,  3.9214e-02]],

         [[-3.2224e-02,  4.3236e-02, -3.1871e-02],
          [ 5.8998e-03, -1.1728e-02,  9.0076e-02],
          [-6.4367e-02, -2.2395e-02, -1.3251e-02]],

         ...,

         [[-2.5461e-02,  4.6884e-02, -4.5593e-03],
          [ 9.8031e-02, -4.7689e-02, -4.6833e-02],
          [-5.2503e-02,  1.0717e-01,  4.9193e-02]],

         [[ 1.1018e-01, -7.4607e-02, -8.9436e-02],
          [-7.4011e-02, -5.8491e-02,  5.6313e-02],
          [ 4.5503e-02,  9.7191e-02, -4.3069e-02]],

         [[-8.8260e-02,  3.6626e-02, -6.4030e-02],
          [ 4.7709e-02, -4.3724e-02,  3.9476e-02],
          [-9.8031e-02, -7.1101e-02,  1.2804e-02]]],


        [[[-3.5935e-02, -1.0242e-01,  4.4254e-05],
          [ 4.5157e-02, -1.4986e-01, -1.1990e-01],
          [ 1.0960e-01, -6.8106e-02, -6.0183e-02]],

         [[-1.7176e-01, -1.4645e-01, -4.6641e-02],
          [-5.0683e-02, -1.5941e-01, -6.9852e-02],
          [-6.6399e-02, -1.3153e-01, -8.9493e-02]],

         [[-1.8109e-01, -1.7125e-01,  1.3783e-02],
          [-3.3753e-02, -7.0697e-02, -1.9397e-01],
          [-7.4472e-02, -9.8327e-02, -3.7055e-02]],

         ...,

         [[-3.1755e-02,  1.3704e-01, -3.6953e-02],
          [ 1.0066e-01,  7.5472e-02,  6.8497e-02],
          [-2.2220e-02,  1.2776e-01,  5.4830e-02]],

         [[ 7.2760e-02, -4.0898e-02,  9.5353e-02],
          [ 4.2243e-02,  2.4130e-03,  1.3597e-01],
          [ 7.2179e-02, -1.3913e-02, -1.0211e-02]],

         [[ 1.2985e-03,  6.7325e-02, -1.7127e-02],
          [-5.1592e-02, -2.5784e-02, -6.7380e-02],
          [ 4.7646e-02,  9.2937e-02, -8.7022e-02]]],


        [[[ 3.9265e-02,  8.2862e-02,  4.9465e-02],
          [-1.9520e-02,  9.0191e-02,  9.1101e-02],
          [ 4.5205e-02,  5.7744e-04, -1.2204e-02]],

         [[ 2.9069e-02,  1.2246e-02,  9.6812e-04],
          [ 8.7605e-02,  1.2718e-01,  2.6816e-02],
          [-1.5233e-02,  2.2685e-02,  1.1227e-02]],

         [[ 5.0689e-02,  6.7745e-02, -5.6314e-02],
          [-1.1681e-02,  1.3183e-01,  8.5057e-02],
          [ 1.0135e-02, -3.5675e-02, -4.0221e-02]],

         ...,

         [[-5.2360e-02, -6.0483e-03, -5.8115e-02],
          [-6.1225e-02,  4.4382e-02, -1.7198e-02],
          [ 6.9680e-02, -2.6081e-02, -6.8129e-02]],

         [[-9.2749e-03, -3.6829e-02, -1.5078e-02],
          [-9.2369e-02,  6.8020e-02, -5.8780e-02],
          [ 5.7351e-02,  5.5466e-02,  8.4098e-02]],

         [[-9.0213e-02,  6.3599e-02, -6.3998e-02],
          [ 3.0420e-02,  8.7861e-02, -2.7446e-02],
          [-8.1362e-03, -3.3341e-02, -9.8140e-02]]],


        ...,


        [[[-3.7491e-02, -7.0169e-02, -6.3377e-02],
          [-2.4592e-02,  6.4377e-02,  3.2048e-02],
          [ 3.0858e-02,  2.1949e-02,  8.4933e-02]],

         [[-4.7771e-02, -5.9112e-02, -3.4761e-02],
          [-1.3369e-01, -1.3299e-01, -2.5551e-02],
          [-7.7834e-02, -2.9875e-02, -2.7999e-02]],

         [[-2.7972e-02, -4.4823e-03, -9.5850e-02],
          [ 3.2848e-02,  2.6008e-02, -1.2665e-01],
          [-1.2653e-01, -1.1914e-01, -6.2400e-02]],

         ...,

         [[ 3.5569e-02,  8.1587e-02, -5.0124e-02],
          [-3.7466e-02,  1.3854e-02, -2.7380e-03],
          [ 6.6743e-02, -7.5518e-02, -2.6937e-02]],

         [[ 2.9049e-02, -1.9041e-02,  7.5081e-02],
          [ 7.6558e-03, -1.0187e-01, -1.5853e-02],
          [-5.6424e-02,  3.5275e-04, -2.5560e-02]],

         [[-1.1702e-01, -3.0571e-02, -2.0552e-02],
          [-4.0060e-02,  8.8457e-02, -3.0756e-02],
          [ 6.0710e-02,  1.9688e-02, -9.5200e-02]]],


        [[[ 4.8193e-02,  1.1620e-01, -4.8538e-02],
          [-5.2288e-02,  1.3164e-01,  1.0354e-01],
          [-4.7431e-02,  8.2367e-02, -4.6582e-03]],

         [[-7.9239e-02,  3.7743e-02,  5.5328e-02],
          [-1.4696e-02,  6.5801e-02, -7.0698e-02],
          [ 8.5233e-02,  1.0911e-01,  6.7384e-02]],

         [[ 4.7853e-02,  6.9662e-02, -4.9113e-02],
          [-4.9186e-03,  2.3116e-02, -3.4451e-02],
          [-6.2097e-02,  9.2829e-02,  8.4729e-02]],

         ...,

         [[ 2.4636e-02, -7.5493e-02, -8.3475e-02],
          [ 5.7067e-02,  1.0086e-01, -7.9643e-02],
          [ 4.5875e-02, -6.9834e-02,  1.6872e-02]],

         [[ 1.0750e-01,  9.2508e-02, -6.1373e-02],
          [ 7.2990e-02,  6.4692e-02,  1.2712e-02],
          [ 1.0831e-01, -3.4737e-02, -1.5067e-02]],

         [[-5.2735e-02,  1.3433e-02,  2.4625e-02],
          [ 1.0049e-02, -5.9562e-02, -4.8986e-02],
          [ 3.8852e-02, -9.0855e-02, -1.5808e-02]]],


        [[[ 1.1641e-02, -2.8472e-02,  4.9850e-02],
          [ 1.7866e-02,  8.9724e-02,  3.6455e-03],
          [-5.7501e-02,  8.0669e-02,  2.3381e-02]],

         [[-1.6924e-02, -5.6020e-02,  3.5473e-02],
          [-9.0073e-02,  4.2777e-02,  6.4359e-02],
          [-8.3894e-02, -6.3367e-02, -6.7765e-02]],

         [[ 1.0178e-01,  1.0298e-01,  1.7364e-02],
          [ 1.0917e-01, -2.0227e-02, -9.0204e-02],
          [ 4.5187e-02,  4.2716e-02,  1.1105e-01]],

         ...,

         [[-4.2128e-02, -2.3801e-02,  1.0965e-02],
          [-5.7055e-02,  1.8165e-02,  2.7771e-03],
          [ 4.7643e-02,  3.1772e-02,  8.5523e-02]],

         [[ 5.3537e-03, -6.7099e-02,  5.7597e-02],
          [-6.4166e-02, -6.2816e-03, -2.5626e-02],
          [-3.4683e-02, -3.3655e-02,  1.0208e-01]],

         [[ 6.3660e-02,  3.1123e-02,  1.0000e-01],
          [-9.0305e-02,  2.1117e-02,  7.0818e-02],
          [ 7.7345e-02, -7.7265e-02,  4.3497e-02]]]], device='cuda:0')

----------------------input_conv.bias----------------------
tensor([-0.0249,  0.0131,  0.0004, -0.0538, -0.0869, -0.0334,  0.0514,  0.0611,
        -0.0559, -0.0176,  0.0187, -0.0594,  0.0760,  0.1117,  0.0212, -0.0746],
       device='cuda:0')

----------------------body.0.weight----------------------
tensor([[[[ 2.2565e-02,  3.8036e-02,  6.9228e-02],
          [-4.2562e-02, -7.0251e-02,  4.0811e-02],
          [ 2.6240e-03, -2.7617e-02, -3.2431e-02]],

         [[-6.2613e-02,  4.1435e-02, -4.1039e-02],
          [ 4.2126e-02,  5.1792e-02, -1.4084e-02],
          [ 2.2912e-03, -2.5704e-02,  3.2947e-02]],

         [[-6.8228e-02,  4.7179e-02,  2.1473e-03],
          [ 4.4676e-02,  1.8211e-02, -6.1061e-03],
          [-9.2602e-03,  5.5004e-02, -4.5905e-02]],

         ...,

         [[-6.3832e-02,  2.0900e-03, -2.5496e-02],
          [-4.7912e-02,  2.1201e-02, -1.1638e-02],
          [-1.9954e-02, -5.1100e-02, -2.2344e-02]],

         [[-5.8146e-02,  3.5993e-02,  1.6663e-02],
          [ 5.9880e-02,  1.9268e-02,  2.0043e-02],
          [ 2.9624e-02,  7.3616e-02, -2.9193e-02]],

         [[ 6.3966e-02,  3.8368e-02, -4.1761e-02],
          [ 4.1469e-02, -3.2918e-02, -1.2709e-02],
          [-2.8187e-02, -4.1618e-02,  7.8828e-02]]],


        [[[-5.7158e-02,  5.8025e-02, -5.9883e-02],
          [ 9.6454e-03,  2.4349e-02,  7.4927e-02],
          [-1.8563e-02,  3.8576e-02,  2.6546e-02]],

         [[ 6.7221e-02,  2.7635e-02,  9.8211e-02],
          [-1.3067e-02, -4.7413e-02,  1.3228e-01],
          [ 2.6986e-02,  3.2997e-02,  6.2369e-02]],

         [[ 1.1094e-01,  8.3396e-03, -4.6098e-02],
          [ 1.3794e-02,  8.0136e-02,  5.8600e-02],
          [ 9.1819e-02,  2.0993e-02,  7.2470e-02]],

         ...,

         [[ 8.3087e-03,  8.0722e-02,  7.9288e-03],
          [ 3.3986e-02,  7.0703e-02, -4.0519e-02],
          [-2.7333e-02, -3.1348e-03,  9.6966e-02]],

         [[ 7.0887e-02, -4.5348e-02,  2.3952e-02],
          [-3.1366e-02, -2.4628e-02,  8.1382e-02],
          [ 4.5309e-02, -1.3975e-02,  1.7976e-02]],

         [[ 2.2225e-02,  2.4193e-02, -2.8411e-02],
          [-4.2308e-02,  5.9301e-02,  1.0781e-02],
          [ 3.8309e-02, -2.8569e-02,  3.9895e-02]]],


        [[[ 6.3486e-02,  6.8612e-02,  3.2282e-02],
          [ 8.3714e-02,  2.7917e-03,  1.6493e-02],
          [ 6.8311e-02,  6.2778e-02, -4.0281e-02]],

         [[ 5.8395e-02,  1.5524e-02, -2.4126e-02],
          [ 6.3349e-02, -5.8446e-02,  4.2835e-02],
          [ 8.8280e-02, -4.9695e-02, -4.1970e-02]],

         [[-5.4157e-02,  1.0001e-02, -5.9520e-02],
          [-1.3546e-02,  3.1744e-02,  7.3269e-02],
          [ 3.1250e-02,  3.5610e-02,  2.9788e-02]],

         ...,

         [[-6.5777e-02,  2.7745e-02,  6.9524e-02],
          [-8.4906e-02,  4.9411e-02,  1.0095e-02],
          [ 1.0863e-02,  7.3776e-02,  7.6435e-02]],

         [[ 4.3477e-02,  7.1726e-02,  4.4303e-02],
          [ 1.4924e-02, -7.5926e-02,  1.7293e-02],
          [-6.7344e-02,  1.5130e-02,  9.0536e-03]],

         [[ 4.8642e-03, -4.8862e-02, -4.5061e-02],
          [ 6.4776e-02,  4.6757e-02,  4.1527e-02],
          [-3.0026e-02, -2.1703e-02, -2.5983e-02]]],


        ...,


        [[[ 8.6581e-02, -5.2271e-02,  9.5884e-02],
          [-6.4266e-02, -1.9873e-03, -1.5613e-02],
          [-5.2390e-02,  3.4972e-02,  5.8371e-02]],

         [[-5.8740e-02, -7.0421e-02,  2.0730e-03],
          [-3.9544e-03, -3.8272e-03,  7.1788e-03],
          [-5.9674e-03, -4.2351e-02,  1.6134e-02]],

         [[-2.4973e-02, -1.9645e-02, -2.5962e-03],
          [-4.2680e-02,  1.1386e-01,  7.0361e-02],
          [ 1.5778e-02,  2.1384e-02, -2.6286e-02]],

         ...,

         [[ 7.5718e-02,  5.1068e-02, -1.0462e-02],
          [-4.5513e-02, -8.0786e-02,  6.6989e-02],
          [-3.4603e-02, -1.3845e-02, -6.7119e-02]],

         [[-4.9424e-02,  3.9535e-02,  3.6242e-03],
          [ 1.3193e-02,  1.5598e-02,  2.4846e-02],
          [-1.6383e-02,  6.8226e-03,  5.0721e-02]],

         [[ 6.5881e-02,  8.3261e-02, -5.6410e-02],
          [-6.6713e-02,  1.6055e-05,  2.1131e-03],
          [ 4.3551e-02,  8.4802e-02,  2.8799e-02]]],


        [[[-4.7040e-02,  7.0054e-03,  6.7561e-02],
          [ 3.4420e-02, -4.7321e-02,  1.7179e-02],
          [-8.0200e-02, -2.5135e-02,  6.5680e-02]],

         [[-4.6951e-02,  7.9496e-03, -1.1279e-01],
          [ 7.1017e-02,  1.0076e-02,  1.0439e-02],
          [ 4.5663e-02,  5.0468e-03, -5.3444e-02]],

         [[-1.3961e-02, -1.2624e-02,  1.1797e-01],
          [-3.3222e-03,  4.4125e-02, -3.0974e-02],
          [ 4.3871e-02,  3.5812e-03, -2.8108e-02]],

         ...,

         [[ 4.4188e-02,  2.5714e-02, -8.1668e-02],
          [-7.2319e-03,  3.1551e-02, -9.5260e-03],
          [ 5.2140e-03, -2.3270e-02,  1.0299e-01]],

         [[-4.7450e-02, -3.9574e-02,  8.4901e-02],
          [-3.6796e-02,  7.1537e-02, -2.3827e-02],
          [-5.9665e-04, -2.5395e-02,  8.3651e-02]],

         [[ 7.5007e-02,  2.6389e-02,  1.9515e-02],
          [-1.6841e-02, -2.5596e-02, -1.4023e-02],
          [ 3.5520e-02, -1.0107e-03,  6.4820e-02]]],


        [[[ 1.4637e-02,  3.3403e-03, -4.9121e-02],
          [ 3.3812e-02, -6.8435e-02,  1.7685e-02],
          [ 1.9713e-02,  6.8023e-03,  4.6570e-02]],

         [[-5.4211e-04, -4.3882e-02, -6.7745e-02],
          [-8.6610e-02,  2.2838e-02,  3.3679e-02],
          [-6.5403e-02,  1.3170e-02, -3.2603e-02]],

         [[ 7.2930e-02, -1.4997e-02,  7.2114e-02],
          [ 7.7827e-02,  7.2305e-02,  6.3570e-02],
          [ 2.0531e-02,  2.9806e-02, -6.5716e-02]],

         ...,

         [[-2.8633e-02, -5.5988e-02,  2.0168e-02],
          [ 3.4337e-02, -1.4733e-02,  5.7474e-02],
          [ 3.5271e-03, -2.4779e-02, -6.8244e-02]],

         [[ 3.8045e-02, -6.6523e-02,  4.2676e-03],
          [ 1.7565e-02, -3.7645e-02,  2.6472e-02],
          [ 1.2994e-02,  5.2967e-02,  4.7701e-02]],

         [[-5.4005e-02, -5.1849e-02, -2.6595e-02],
          [-4.8786e-02,  3.9125e-02, -4.9017e-02],
          [-5.4935e-02,  3.0012e-02,  4.9231e-02]]]], device='cuda:0')

----------------------body.0.bias----------------------
tensor([-0.0280, -0.0611,  0.0074,  0.0475,  0.0790,  0.0230,  0.0560, -0.0693,
         0.0824, -0.0184, -0.0408,  0.0641, -0.0018,  0.0520, -0.0345,  0.0615],
       device='cuda:0')

----------------------feature_head.weight----------------------
tensor([[[[ 7.6147e-02,  1.7694e-02,  5.8918e-02],
          [-5.5656e-02, -1.8322e-02,  2.2413e-02],
          [ 5.0037e-02, -4.4838e-02,  4.7096e-02]],

         [[-3.4546e-02, -5.4131e-02,  1.9520e-03],
          [-5.9912e-02, -7.3713e-02,  2.2880e-02],
          [ 3.1840e-02,  3.4115e-02, -1.6909e-02]],

         [[-7.8190e-02, -8.4695e-02,  5.8326e-02],
          [-8.3880e-02,  1.3352e-02,  5.3393e-02],
          [ 5.9341e-02, -5.6479e-02, -3.4930e-02]],

         [[-8.5612e-02,  3.1263e-02, -1.0318e-01],
          [-9.3782e-02, -7.2649e-02,  4.8585e-02],
          [ 4.8128e-02,  4.8737e-02,  5.3876e-02]],

         [[-7.8580e-02, -8.6182e-02, -9.1489e-02],
          [-1.3483e-02, -7.8680e-03, -2.3505e-02],
          [-1.0726e-01, -3.4905e-02, -8.6491e-02]],

         [[-4.2542e-02, -3.9282e-02, -2.2900e-02],
          [-8.7581e-02,  5.6013e-02, -5.1101e-02],
          [ 1.1242e-02,  4.2867e-02,  1.7954e-02]],

         [[ 4.3105e-02,  2.9169e-02,  3.9049e-02],
          [ 8.6487e-03,  4.1707e-02, -5.1184e-02],
          [-4.5200e-02,  3.5854e-02,  1.3205e-02]],

         [[ 1.3678e-02, -6.1277e-02,  3.1291e-02],
          [ 6.3540e-02,  3.4628e-03,  2.7933e-02],
          [ 8.6364e-02, -3.7940e-02,  3.2599e-02]],

         [[-6.1117e-02, -7.4750e-02,  1.7094e-02],
          [ 5.5874e-02, -1.4517e-02,  2.1456e-02],
          [-8.3105e-02, -9.5046e-03, -3.7007e-02]],

         [[-9.0407e-02, -2.4758e-02, -1.7183e-02],
          [-3.9118e-02, -2.2042e-03, -8.3212e-04],
          [ 3.9258e-02, -3.2640e-02, -3.7461e-02]],

         [[ 1.0223e-02,  1.9484e-02, -4.8177e-02],
          [ 1.6857e-02, -4.7782e-02, -3.9136e-02],
          [-3.4293e-02,  9.2316e-02, -2.3019e-02]],

         [[-4.3525e-02, -2.7964e-02,  3.6142e-02],
          [ 5.7384e-03, -9.1971e-02,  4.6728e-02],
          [-1.1708e-01, -2.8141e-02,  3.4447e-02]],

         [[ 6.0454e-02, -3.4606e-02, -7.4513e-02],
          [ 4.5714e-02,  6.9876e-02, -4.3978e-02],
          [ 1.1398e-02, -3.0749e-02,  4.3134e-02]],

         [[-3.1147e-03,  1.5876e-02, -5.3766e-02],
          [-9.0803e-02, -5.0227e-02, -8.2303e-02],
          [-2.2011e-02,  2.1114e-02, -8.1871e-02]],

         [[-2.2626e-02, -1.0498e-01, -8.6653e-02],
          [-6.9667e-02, -4.5135e-02, -6.1813e-02],
          [ 8.1455e-03,  4.0010e-02,  4.6019e-02]],

         [[ 1.1130e-02, -1.8953e-02, -3.5011e-02],
          [ 4.6524e-02, -5.9890e-02,  4.3270e-02],
          [-9.7124e-02, -7.8781e-02,  8.8864e-05]]]], device='cuda:0')

----------------------feature_head.bias----------------------
tensor([-0.0733], device='cuda:0')

----------------------colour_head.0.weight----------------------
tensor([[[[ 5.4565e-04,  6.9627e-02,  2.9235e-02],
          [ 7.0335e-02, -3.9208e-02, -5.0624e-02],
          [-2.2966e-02, -2.9002e-02, -5.4370e-02]],

         [[ 1.4860e-02,  9.8505e-02, -2.1410e-02],
          [ 6.3417e-02,  5.8860e-02,  6.9986e-02],
          [ 2.9767e-02, -2.3813e-02,  4.6353e-02]],

         [[-3.9229e-02, -4.7723e-02,  8.0578e-02],
          [ 6.8528e-02, -5.4799e-02,  7.2337e-02],
          [ 1.2587e-02,  2.0952e-02,  8.1393e-02]],

         [[-7.5664e-03, -2.8754e-02,  5.1884e-02],
          [-2.1346e-02, -2.0821e-02, -3.2182e-02],
          [ 8.4793e-02,  4.2917e-02, -1.1045e-02]],

         [[-8.5115e-03, -1.6001e-03, -5.4653e-02],
          [ 1.3853e-02, -7.5977e-02, -1.3012e-02],
          [-2.1706e-02, -3.9766e-02,  7.1785e-02]],

         [[ 1.5678e-02,  4.6246e-02, -4.8124e-02],
          [ 1.1432e-02,  3.2290e-02,  5.2200e-02],
          [-3.9390e-02, -2.3194e-02, -7.0904e-02]],

         [[ 4.8110e-02,  5.6666e-02,  4.1429e-02],
          [ 3.9647e-02,  5.4089e-02,  8.1653e-02],
          [ 2.5733e-02,  3.2004e-02,  2.6088e-02]],

         [[-5.3351e-02,  2.1621e-02,  3.1449e-02],
          [-6.5598e-02, -1.0120e-02, -3.4861e-02],
          [-4.1873e-02,  7.9739e-02,  7.8867e-02]],

         [[-2.3522e-02,  1.6429e-02, -3.1446e-02],
          [ 8.7035e-03, -2.1268e-02, -5.3663e-02],
          [-4.7377e-02,  7.1845e-02, -2.6532e-03]],

         [[-4.7350e-02,  1.0009e-02, -8.4807e-02],
          [-1.6775e-03,  6.2644e-02,  5.6609e-03],
          [ 1.5168e-02, -8.1270e-02, -2.0640e-02]],

         [[ 7.2327e-02, -3.5976e-02, -2.0552e-02],
          [ 8.5451e-02,  5.6862e-02,  6.0953e-02],
          [-5.4218e-02,  7.6816e-02, -2.8596e-03]],

         [[ 2.3680e-02,  7.1303e-02, -7.7070e-02],
          [ 2.5475e-02, -7.8642e-02,  5.4575e-02],
          [ 2.1891e-02, -9.5760e-04, -4.6055e-02]],

         [[ 2.3670e-02, -4.2572e-02,  1.7950e-02],
          [ 7.6068e-02, -3.8090e-02, -7.1104e-03],
          [ 2.5727e-02,  3.1147e-02,  1.2902e-02]],

         [[ 6.4287e-02, -1.9177e-02,  1.8701e-02],
          [ 4.2739e-02, -7.7507e-03,  5.2697e-02],
          [ 4.7504e-02,  3.6134e-02, -3.0340e-02]],

         [[ 6.9856e-02, -5.0733e-02,  2.0036e-02],
          [ 2.8938e-02,  6.2079e-02, -7.2600e-02],
          [ 2.6686e-02, -4.5677e-02,  3.7254e-02]],

         [[ 1.1783e-02, -6.9418e-02, -1.1527e-02],
          [ 8.8958e-03,  2.6730e-02,  6.6333e-02],
          [ 1.7531e-02, -4.0448e-03,  2.7113e-02]]],


        [[[-6.9082e-02,  6.5156e-02, -1.0761e-02],
          [ 5.4203e-02,  3.2115e-02, -7.3620e-03],
          [ 6.5351e-02, -4.3001e-02,  2.1437e-02]],

         [[ 5.4092e-02, -1.1073e-02,  4.3789e-02],
          [-6.5507e-02, -2.2460e-02,  5.8474e-02],
          [ 5.5466e-02, -6.7053e-02,  4.1370e-02]],

         [[ 2.5496e-02,  9.9250e-02, -6.6578e-02],
          [-1.4067e-03, -2.6788e-02, -3.4322e-02],
          [ 1.6356e-03, -5.8323e-02,  8.1309e-02]],

         [[-1.6821e-02,  4.1559e-02, -3.6726e-02],
          [ 1.5054e-02, -4.7973e-02,  7.4301e-02],
          [ 8.5047e-02,  7.7727e-02, -2.0345e-02]],

         [[ 5.0950e-02, -6.8837e-02,  4.0921e-02],
          [-1.0746e-02, -7.0057e-02, -6.5260e-02],
          [-7.4103e-02,  1.9465e-02, -2.4579e-02]],

         [[-3.0486e-02,  9.2228e-02, -1.7873e-02],
          [ 3.6297e-02,  2.1242e-03,  6.0134e-02],
          [ 1.9540e-02,  5.3058e-02,  2.0917e-02]],

         [[ 2.1545e-03,  9.2249e-02,  1.0270e-02],
          [-3.2601e-02,  4.4822e-02,  4.8341e-03],
          [-4.3700e-02,  3.0173e-02, -7.1369e-03]],

         [[-1.7759e-02, -2.0439e-02, -1.4645e-02],
          [-2.1997e-02,  2.2002e-02,  9.0466e-02],
          [-2.7545e-02, -4.7197e-03, -3.4316e-02]],

         [[ 1.4605e-02,  2.2142e-02, -4.6775e-02],
          [ 5.6384e-02, -6.0386e-02,  8.5031e-02],
          [ 2.9377e-02,  2.9524e-03, -2.4074e-02]],

         [[ 3.3041e-02,  5.6075e-02, -6.2218e-02],
          [-2.0633e-02,  6.0725e-02, -2.0360e-02],
          [-5.8264e-02, -2.5502e-02,  2.4268e-03]],

         [[ 1.4128e-03, -4.4617e-02, -4.9674e-02],
          [ 4.3385e-02,  7.6259e-02,  8.0313e-02],
          [ 6.3820e-03,  4.3935e-02, -6.4750e-02]],

         [[ 5.2102e-02,  8.3778e-02,  4.3041e-02],
          [-2.6789e-02,  6.8905e-02, -7.8127e-02],
          [-2.4690e-03, -1.8958e-02, -8.1283e-02]],

         [[-1.9771e-02, -3.3408e-02,  4.0762e-02],
          [ 2.8373e-02,  7.9424e-02,  9.2521e-03],
          [ 9.7878e-02,  4.1998e-02,  9.0055e-02]],

         [[ 8.5673e-02, -5.0938e-02, -4.2770e-02],
          [ 7.1850e-02,  1.0305e-01, -5.8842e-02],
          [ 1.9007e-02, -1.3258e-02,  8.4858e-02]],

         [[ 7.9884e-02,  6.9812e-02,  5.1467e-02],
          [ 1.3423e-02,  9.0861e-02, -3.4717e-02],
          [ 2.5216e-02, -6.9362e-03, -5.5963e-02]],

         [[-1.7930e-02,  4.6808e-02,  1.2138e-02],
          [-3.3644e-02,  1.6634e-02,  3.3405e-02],
          [-3.9271e-02,  6.5047e-02, -5.5058e-02]]],


        [[[ 1.4378e-02, -4.6308e-02, -6.0949e-02],
          [ 1.0793e-03,  9.1554e-02,  8.8422e-02],
          [ 3.4135e-02,  6.9900e-02, -4.2018e-02]],

         [[ 5.7697e-02,  6.4363e-02, -6.6344e-02],
          [-5.6215e-02,  4.7988e-02,  2.0483e-02],
          [-5.7180e-02, -6.5575e-02,  6.4399e-02]],

         [[ 1.8663e-02,  1.4638e-02, -6.5403e-02],
          [ 8.3308e-02, -3.8443e-02,  5.2932e-02],
          [-4.2927e-03,  1.3697e-02,  5.2895e-02]],

         [[-1.3078e-02, -1.3997e-02,  7.7074e-02],
          [-5.1168e-02,  4.8090e-02, -1.0522e-02],
          [-1.3381e-02,  6.9658e-02,  2.5872e-02]],

         [[-7.1128e-02,  8.1338e-02, -3.2619e-02],
          [ 7.5623e-02, -2.3229e-02,  8.6322e-02],
          [ 3.1149e-02,  2.1618e-03,  3.9175e-02]],

         [[-4.0773e-03, -3.4490e-02,  5.2837e-02],
          [ 5.5551e-02, -1.4151e-05,  8.8651e-02],
          [-2.6593e-03, -4.5389e-02, -4.2965e-02]],

         [[ 6.8086e-02, -1.7824e-02,  6.7019e-02],
          [-6.7718e-02,  2.1328e-02, -4.1251e-02],
          [ 4.2321e-02,  8.4200e-02,  4.5529e-02]],

         [[-4.1479e-02, -8.2573e-02, -4.0610e-02],
          [-5.8278e-02,  7.4860e-02, -4.3309e-02],
          [ 2.8240e-02,  7.2326e-02,  3.1476e-02]],

         [[-5.3237e-02,  1.2488e-02, -7.0024e-03],
          [ 7.6241e-02,  1.5522e-02,  1.4345e-02],
          [ 9.2707e-02,  3.9819e-02,  5.3397e-02]],

         [[-2.5504e-02,  5.6702e-02,  1.1018e-02],
          [-1.7968e-02,  1.6044e-02, -6.8359e-02],
          [-2.5682e-03,  3.3128e-02, -8.3772e-02]],

         [[-3.3606e-02,  6.2039e-02,  4.2412e-03],
          [ 1.2401e-02,  2.5595e-02, -3.1520e-02],
          [ 7.4417e-02, -6.0833e-04, -3.0662e-02]],

         [[ 5.7264e-02, -5.9946e-02, -1.1501e-02],
          [ 1.5962e-02, -2.3532e-02,  4.4212e-02],
          [-6.8426e-02, -2.6822e-02, -4.0133e-02]],

         [[ 9.2873e-02,  5.8378e-02, -4.0980e-02],
          [ 6.0407e-02,  3.9153e-02,  1.0966e-01],
          [ 6.6770e-02, -1.8019e-02,  9.9208e-02]],

         [[ 6.6289e-04,  1.9617e-03,  3.8781e-02],
          [ 1.0213e-01,  5.0945e-02, -6.4422e-02],
          [-1.4766e-02,  9.3679e-02, -2.1134e-02]],

         [[-2.5237e-02, -5.0561e-02, -3.3731e-02],
          [-2.4051e-02,  3.8566e-02,  4.2929e-02],
          [ 9.5841e-02,  6.8161e-02,  7.1363e-03]],

         [[ 5.9903e-02,  7.2101e-02, -4.9957e-02],
          [ 5.5017e-02, -3.6590e-02,  8.3150e-02],
          [-3.0372e-02,  2.3454e-02,  9.5208e-03]]]], device='cuda:0')

----------------------colour_head.0.bias----------------------
tensor([ 0.0321,  0.0177, -0.0510], device='cuda:0')

----------------------blending_mask_head.0.weight----------------------
tensor([[[[ 0.0580,  0.0763, -0.0237],
          [-0.0297, -0.0306, -0.0224],
          [ 0.0095,  0.0248,  0.0135]],

         [[ 0.0109,  0.0806,  0.0274],
          [-0.0151,  0.0088, -0.0246],
          [-0.0004, -0.0535,  0.0365]],

         [[-0.0506,  0.0472,  0.0723],
          [-0.0477, -0.0274, -0.0498],
          [ 0.0344,  0.0302, -0.0286]],

         [[ 0.0626,  0.0467, -0.0617],
          [ 0.0098, -0.0241, -0.0027],
          [ 0.0626,  0.0053, -0.0456]],

         [[ 0.1526,  0.0197,  0.0668],
          [ 0.1251,  0.1672,  0.1742],
          [ 0.0718,  0.1200,  0.0181]],

         [[ 0.0172,  0.0116,  0.0591],
          [-0.0201,  0.0581,  0.0805],
          [ 0.0936,  0.0188,  0.1101]],

         [[-0.0585, -0.0059,  0.0484],
          [ 0.0417,  0.0585, -0.0386],
          [ 0.0716, -0.0581, -0.0409]],

         [[-0.0327, -0.1086, -0.1050],
          [-0.1036,  0.0347, -0.0095],
          [-0.0525, -0.0284, -0.0941]],

         [[-0.0597, -0.0401, -0.0658],
          [ 0.0752, -0.0113, -0.0076],
          [-0.0525,  0.0318,  0.0019]],

         [[ 0.0628,  0.1756,  0.1900],
          [ 0.0602,  0.1686,  0.1060],
          [ 0.1152,  0.1533,  0.1009]],

         [[ 0.0927,  0.0728, -0.0354],
          [-0.0277, -0.0579,  0.0455],
          [-0.0433, -0.0501, -0.0378]],

         [[ 0.0160,  0.0309,  0.1712],
          [ 0.1432,  0.1715,  0.0562],
          [ 0.0604,  0.0650,  0.0945]],

         [[-0.0242,  0.0450, -0.0232],
          [ 0.0498,  0.1170,  0.0466],
          [ 0.0953, -0.0229,  0.0181]],

         [[-0.0424, -0.0024, -0.0313],
          [-0.0358, -0.0705, -0.0305],
          [ 0.0203, -0.0084, -0.0794]],

         [[ 0.0758,  0.0763, -0.0318],
          [ 0.0229,  0.0695, -0.0644],
          [-0.0624,  0.0556,  0.0061]],

         [[ 0.0456, -0.0104,  0.0339],
          [ 0.0748,  0.0023, -0.0079],
          [-0.0639, -0.0004,  0.0678]]]], device='cuda:0')

----------------------blending_mask_head.0.bias----------------------
tensor([-0.0146], device='cuda:0')
