
----------------------input_conv.weight----------------------
tensor([[[[ 0.1104,  0.1299,  0.0116],
          [ 0.1479,  0.0483,  0.0801],
          [-0.0140,  0.1239,  0.1420]],

         [[-0.0998,  0.0954,  0.0169],
          [ 0.0846,  0.0396,  0.0574],
          [-0.0177,  0.0912, -0.0011]],

         [[-0.0616,  0.0295, -0.0545],
          [-0.0172, -0.0305,  0.0741],
          [-0.0969, -0.0598, -0.0556]],

         ...,

         [[-0.0643,  0.0570,  0.0182],
          [ 0.0524, -0.0736, -0.1135],
          [-0.0525, -0.0946,  0.0949]],

         [[ 0.0335,  0.0495,  0.0438],
          [ 0.0013,  0.0997, -0.0732],
          [ 0.0118, -0.0746,  0.0434]],

         [[-0.0313,  0.0450, -0.0164],
          [ 0.0976, -0.0685, -0.0670],
          [-0.0759,  0.1010,  0.0367]]],


        [[[ 0.1800, -0.1274, -0.1390],
          [-0.0300, -0.1169,  0.1059],
          [ 0.1665,  0.1540,  0.0007]],

         [[-0.0728, -0.0395, -0.1318],
          [ 0.0435, -0.1616,  0.0478],
          [-0.0550, -0.1184, -0.0087]],

         [[ 0.1312, -0.0318,  0.0933],
          [ 0.1224, -0.1406,  0.0156],
          [ 0.1893, -0.0375, -0.0094]],

         ...,

         [[-0.0656, -0.0270, -0.0601],
          [ 0.0417, -0.0176,  0.0079],
          [-0.0229, -0.0478, -0.0542]],

         [[-0.0384, -0.1086,  0.0719],
          [-0.0201,  0.0862,  0.0136],
          [-0.0812,  0.0756, -0.0544]],

         [[-0.0142, -0.0673, -0.0839],
          [ 0.0611, -0.0028,  0.0679],
          [-0.0608,  0.1195, -0.0595]]],


        [[[-0.0027,  0.0581,  0.0911],
          [ 0.1421,  0.1744, -0.0517],
          [ 0.0554, -0.0247,  0.0210]],

         [[-0.1071,  0.0996, -0.0945],
          [ 0.0649,  0.0543,  0.0319],
          [-0.0744,  0.0907,  0.0205]],

         [[-0.0015, -0.1158,  0.0407],
          [-0.0198, -0.0555,  0.0892],
          [ 0.0207, -0.0798, -0.0622]],

         ...,

         [[ 0.0104, -0.0249, -0.0320],
          [ 0.0711,  0.0939, -0.0147],
          [-0.0281, -0.0035, -0.0080]],

         [[ 0.0342,  0.0369, -0.0973],
          [-0.0388,  0.1005,  0.0509],
          [ 0.0041, -0.0646, -0.0620]],

         [[-0.0925, -0.0306,  0.0384],
          [ 0.0916,  0.0661, -0.1016],
          [-0.0532, -0.0046,  0.1200]]],


        ...,


        [[[-0.0636,  0.0201,  0.0135],
          [-0.0468, -0.0904, -0.0444],
          [-0.0481, -0.0638, -0.1264]],

         [[ 0.0570, -0.0666, -0.0548],
          [-0.0653,  0.1001, -0.0239],
          [-0.0091,  0.1157,  0.0988]],

         [[ 0.0852, -0.0995, -0.0596],
          [-0.0259,  0.1371,  0.0534],
          [-0.0680,  0.0109, -0.0609]],

         ...,

         [[-0.0157,  0.0831,  0.1236],
          [-0.0900,  0.0100, -0.0562],
          [ 0.0427,  0.0671, -0.0032]],

         [[ 0.0058,  0.0688, -0.0042],
          [-0.0830,  0.1108, -0.0416],
          [-0.0022,  0.0212,  0.0071]],

         [[-0.1187,  0.0477, -0.0555],
          [-0.0667,  0.0210, -0.0667],
          [-0.0582, -0.0481, -0.0535]]],


        [[[-0.0247,  0.0392,  0.0926],
          [-0.1282, -0.0770, -0.0244],
          [ 0.0724,  0.1338, -0.0536]],

         [[ 0.0210,  0.0960,  0.0730],
          [-0.1895, -0.0980, -0.1823],
          [-0.0843,  0.0664, -0.0622]],

         [[ 0.0868,  0.0085,  0.0706],
          [-0.1039,  0.0484, -0.0841],
          [-0.0124, -0.0803, -0.0133]],

         ...,

         [[-0.0284,  0.1507,  0.0324],
          [ 0.0109, -0.0172, -0.0021],
          [-0.0766, -0.0700,  0.0833]],

         [[ 0.1299,  0.1478, -0.0519],
          [ 0.0912, -0.0426,  0.0976],
          [ 0.1097,  0.1149,  0.1000]],

         [[ 0.0663, -0.0069,  0.0452],
          [-0.0545,  0.0357, -0.0523],
          [-0.0011, -0.1026, -0.0307]]],


        [[[-0.0406, -0.0220, -0.0589],
          [-0.0857,  0.0393,  0.1254],
          [ 0.1061,  0.0637, -0.0114]],

         [[-0.1155,  0.0435,  0.0645],
          [-0.0947,  0.0594,  0.1299],
          [-0.0017, -0.0853,  0.1240]],

         [[ 0.0607,  0.0921, -0.0664],
          [ 0.0882, -0.0471,  0.1551],
          [-0.0407,  0.0766,  0.0544]],

         ...,

         [[-0.1196,  0.0466,  0.1142],
          [ 0.0425,  0.0333, -0.1098],
          [ 0.0908, -0.0304, -0.1076]],

         [[ 0.1102, -0.0518, -0.0098],
          [ 0.0932, -0.0865, -0.0804],
          [-0.0023, -0.0261,  0.0268]],

         [[-0.1011,  0.0069, -0.0421],
          [-0.0658, -0.1114,  0.0674],
          [ 0.0183, -0.1037,  0.0955]]]], device='cuda:0')

----------------------input_conv.bias----------------------
tensor([ 0.0582,  0.0430, -0.0462,  0.0373,  0.0918,  0.1039, -0.0638,  0.1193,
         0.0251,  0.0677,  0.1015,  0.1019, -0.0666,  0.1120,  0.0435,  0.0256],
       device='cuda:0')

----------------------body.0.weight----------------------
tensor([[[[-3.1644e-02,  9.0803e-03,  1.5017e-02],
          [ 1.1740e-02,  2.3239e-02,  2.2763e-02],
          [ 9.9507e-02,  6.9817e-02,  7.2894e-02]],

         [[ 2.9476e-02,  5.3368e-02,  3.2816e-02],
          [-4.0279e-02, -3.6801e-02, -5.8381e-02],
          [-7.2287e-02, -6.5716e-02, -2.4501e-02]],

         [[ 9.4633e-03, -2.6551e-03,  4.5858e-02],
          [ 6.7856e-02,  1.7399e-02,  1.2268e-01],
          [ 6.4401e-02, -3.5160e-02, -2.2933e-02]],

         ...,

         [[ 3.2025e-02,  3.7869e-02, -9.0892e-02],
          [ 3.7030e-03,  1.8426e-02,  5.9954e-02],
          [ 2.4914e-02,  6.1049e-02, -4.8450e-02]],

         [[ 8.6491e-02,  1.1211e-01, -6.0356e-03],
          [-9.0631e-02,  2.0557e-03,  5.9921e-02],
          [-7.1762e-02,  2.6248e-04,  4.7308e-04]],

         [[ 3.9316e-02, -2.6337e-02,  3.5052e-02],
          [ 8.6334e-02, -2.9222e-02, -1.9813e-02],
          [ 3.5775e-02,  3.3386e-02,  3.0018e-02]]],


        [[[ 2.5867e-02, -1.2401e-02,  6.7534e-02],
          [-1.9724e-02,  1.7043e-04,  1.0831e-02],
          [-4.3074e-02, -1.8013e-02, -7.7741e-02]],

         [[ 4.6459e-02,  6.3444e-02,  2.3602e-02],
          [-6.9922e-02, -1.2129e-01,  9.3838e-02],
          [ 2.0856e-01, -1.7137e-02,  1.7312e-01]],

         [[-7.6736e-02,  3.5225e-02,  1.1522e-01],
          [ 1.0017e-01, -2.7524e-02,  2.6851e-02],
          [-1.3723e-02, -9.5232e-02, -1.9519e-02]],

         ...,

         [[-1.7339e-02,  8.1762e-02,  3.3482e-02],
          [ 2.9808e-02,  1.0760e-01, -7.7049e-02],
          [-4.9031e-04,  6.9203e-02,  4.9408e-02]],

         [[-4.4805e-02,  1.3872e-02, -4.5570e-02],
          [ 6.8227e-03,  3.7594e-02, -7.4160e-02],
          [-2.8623e-02,  2.3115e-02,  3.0481e-02]],

         [[ 1.0591e-01, -1.6174e-02, -5.0234e-02],
          [ 2.4667e-02, -1.3140e-01,  1.9887e-02],
          [ 1.3626e-01,  1.7789e-02, -3.4641e-02]]],


        [[[ 2.4850e-02,  2.8311e-02,  7.2352e-02],
          [-4.0748e-02, -4.6019e-02,  3.2497e-02],
          [ 1.1777e-02, -3.2975e-02, -2.3710e-02]],

         [[-6.3081e-02,  4.1196e-02,  5.2233e-02],
          [-2.3153e-02,  7.5986e-02,  3.6554e-02],
          [-9.4510e-03, -3.4370e-02,  8.7663e-02]],

         [[-1.2433e-01,  7.8446e-03, -2.6969e-02],
          [ 3.3758e-02,  4.0528e-02,  5.1926e-03],
          [-5.5473e-02,  1.6185e-02, -8.0490e-02]],

         ...,

         [[-7.0818e-02, -8.2746e-03, -4.3310e-02],
          [-5.7398e-02,  1.0679e-02, -2.7841e-02],
          [-3.9598e-02, -6.7526e-02, -4.7096e-02]],

         [[-6.2039e-02,  5.2135e-02,  5.2370e-02],
          [ 2.9723e-02, -1.4683e-02,  2.4578e-02],
          [ 4.8669e-02,  1.3171e-01,  3.2709e-02]],

         [[ 9.0783e-02,  3.1152e-02, -5.5248e-02],
          [ 6.0903e-02, -3.0840e-02, -5.9708e-02],
          [-1.9414e-02, -9.9057e-02,  9.1885e-03]]],


        ...,


        [[[-2.9969e-02, -1.7928e-02, -5.4457e-02],
          [ 8.1020e-03, -9.6196e-02,  4.3771e-02],
          [ 6.4214e-02, -7.1158e-03, -2.5875e-02]],

         [[-4.8806e-02,  1.1069e-01,  4.7352e-02],
          [ 1.1235e-01,  8.7663e-02,  7.6376e-03],
          [ 1.5296e-01,  1.3567e-01, -5.9030e-02]],

         [[-7.3135e-02,  2.7727e-02,  1.3356e-02],
          [ 7.0378e-02, -7.2303e-02,  8.0207e-03],
          [-5.0847e-02, -5.7909e-02,  4.2870e-02]],

         ...,

         [[ 8.2345e-02,  1.0139e-01,  6.3053e-03],
          [ 1.6870e-02,  7.5385e-02, -3.2434e-02],
          [ 8.5890e-02, -1.5703e-02,  1.1575e-01]],

         [[ 3.1322e-02,  2.2926e-02,  1.0544e-01],
          [ 2.9517e-02,  1.1344e-01,  1.0848e-01],
          [ 1.6100e-01, -1.4682e-02,  6.1752e-02]],

         [[-4.1438e-02,  4.8521e-02, -2.0704e-02],
          [ 1.9347e-02,  1.5848e-02,  2.4347e-02],
          [-6.9360e-02,  9.7098e-02,  3.6234e-02]]],


        [[[ 8.5575e-02,  3.9075e-02,  6.1155e-02],
          [-9.3390e-03,  2.9949e-02,  4.5632e-03],
          [-5.9947e-02,  6.1153e-02, -3.9091e-02]],

         [[ 9.6313e-02, -1.5205e-02,  1.0435e-01],
          [ 9.1161e-02, -6.9517e-02,  8.4792e-02],
          [ 4.0194e-02, -1.1876e-02,  6.8495e-02]],

         [[ 4.7139e-02,  9.8077e-02, -3.7236e-02],
          [ 1.0346e-01,  1.0321e-01,  1.0741e-01],
          [ 3.5061e-02, -6.0806e-02,  6.7016e-02]],

         ...,

         [[-7.0213e-02,  1.1166e-02, -5.2520e-02],
          [-2.8212e-02, -1.1327e-02, -4.4083e-02],
          [-5.5524e-03, -1.4564e-02,  2.4474e-02]],

         [[ 8.2714e-02, -1.7161e-02,  6.9997e-02],
          [ 2.6774e-02, -3.5466e-02, -1.0400e-02],
          [ 4.3467e-02,  3.1369e-02, -1.4806e-02]],

         [[-2.4858e-02,  5.5595e-02, -2.4957e-03],
          [-1.0864e-01, -3.1061e-02, -6.3723e-02],
          [-6.8514e-02, -3.8357e-02, -6.3514e-02]]],


        [[[ 9.4564e-02, -5.9213e-02,  9.1380e-02],
          [-4.9082e-02,  5.9696e-03, -1.5689e-02],
          [-3.5047e-02,  4.5051e-02,  5.5660e-02]],

         [[-7.4147e-02, -3.9862e-02,  8.3160e-02],
          [-3.2125e-02,  3.1491e-02,  5.2270e-02],
          [-4.1774e-02, -6.2773e-03,  2.2751e-02]],

         [[-2.8459e-02, -3.2644e-02, -2.5449e-02],
          [-1.0389e-02,  1.1034e-01,  4.3686e-02],
          [ 4.1309e-02,  1.1863e-02, -5.6200e-02]],

         ...,

         [[ 6.0773e-02,  4.4368e-02, -1.7122e-02],
          [-6.1410e-02, -8.9214e-02,  6.5715e-02],
          [-5.5184e-02, -3.1632e-02, -7.5765e-02]],

         [[-5.0000e-02,  3.1733e-02,  1.2823e-02],
          [ 1.0144e-02, -5.5217e-03,  2.1918e-02],
          [ 4.6282e-03,  1.4286e-02,  6.8921e-02]],

         [[ 9.1193e-02,  6.9430e-02, -7.8147e-02],
          [-5.0597e-02, -4.1078e-03, -3.9609e-02],
          [ 3.1486e-02,  9.0678e-02, -2.2995e-03]]]], device='cuda:0')

----------------------body.0.bias----------------------
tensor([-0.0482,  0.0227,  0.0490,  0.0372, -0.0413,  0.0201, -0.0770, -0.0364,
         0.0905, -0.0170,  0.0640, -0.0583,  0.1043,  0.0464,  0.0726,  0.0279],
       device='cuda:0')

----------------------feature_head.weight----------------------
tensor([[[[ 0.0059, -0.0410, -0.0460],
          [-0.0572,  0.0689, -0.0289],
          [ 0.0020, -0.0783,  0.0224]],

         [[-0.0284, -0.0667,  0.0103],
          [-0.0768, -0.0082, -0.0681],
          [ 0.0527, -0.0662,  0.0136]],

         [[ 0.0413, -0.0666,  0.0539],
          [ 0.0679, -0.0511,  0.0070],
          [ 0.0253,  0.0690,  0.0651]],

         [[-0.0699, -0.0679, -0.0737],
          [-0.0371, -0.0168, -0.0299],
          [ 0.0549, -0.0574, -0.0665]],

         [[-0.0651, -0.0492,  0.0816],
          [ 0.0105, -0.0146, -0.0245],
          [-0.0638, -0.0283,  0.0439]],

         [[ 0.0563,  0.0601,  0.0059],
          [-0.0454, -0.0492,  0.0810],
          [-0.0752,  0.0197, -0.0079]],

         [[ 0.0774,  0.0488, -0.0211],
          [-0.0691,  0.0109, -0.0583],
          [-0.0088,  0.0209,  0.0407]],

         [[-0.0225, -0.0563, -0.0710],
          [-0.0789,  0.0105, -0.0507],
          [ 0.0030, -0.0395, -0.0564]],

         [[ 0.0562,  0.0472,  0.0585],
          [ 0.0799, -0.0603, -0.0444],
          [-0.0627,  0.0560,  0.0491]],

         [[ 0.0676, -0.0583, -0.0447],
          [ 0.0812, -0.0662, -0.0555],
          [ 0.0307, -0.0728, -0.0236]],

         [[ 0.0354,  0.0683, -0.0095],
          [-0.0737,  0.0472,  0.0831],
          [-0.0619, -0.0037, -0.0603]],

         [[-0.0426,  0.0280,  0.0389],
          [ 0.0345, -0.0785, -0.0202],
          [ 0.0355, -0.0077, -0.0258]],

         [[-0.0430,  0.0790, -0.0667],
          [-0.0656,  0.0607, -0.0506],
          [ 0.0504, -0.0459, -0.0113]],

         [[-0.0403,  0.0689,  0.0578],
          [ 0.0040,  0.0020, -0.0314],
          [-0.0445, -0.0315,  0.0273]],

         [[-0.0150,  0.0566,  0.0120],
          [ 0.0009, -0.0518,  0.0336],
          [-0.0771,  0.0195,  0.0299]],

         [[ 0.0151,  0.0586,  0.0200],
          [-0.0230, -0.0583, -0.0773],
          [ 0.0421,  0.0454, -0.0636]]]], device='cuda:0')

----------------------feature_head.bias----------------------
tensor([0.0223], device='cuda:0')

----------------------colour_head.0.weight----------------------
tensor([[[[-0.0301,  0.0791, -0.0330],
          [ 0.0778,  0.0893,  0.0508],
          [ 0.0532,  0.0299,  0.0183]],

         [[-0.1122, -0.0329, -0.0366],
          [-0.0110, -0.0384,  0.0178],
          [ 0.0430,  0.0596,  0.0350]],

         [[-0.0094,  0.0534, -0.0107],
          [ 0.0962,  0.0286,  0.0073],
          [-0.0541,  0.0952,  0.0023]],

         [[ 0.0894, -0.0397, -0.0469],
          [-0.0061, -0.0403,  0.0274],
          [ 0.0304, -0.0098,  0.0409]],

         [[ 0.1001,  0.0327,  0.0112],
          [ 0.1382, -0.0183, -0.0218],
          [-0.0671,  0.0334, -0.0464]],

         [[ 0.0219, -0.0345, -0.0336],
          [-0.0330,  0.0323,  0.0874],
          [ 0.0017, -0.0092,  0.0719]],

         [[ 0.0811,  0.0064, -0.0584],
          [ 0.0102,  0.0124, -0.0834],
          [-0.0608,  0.0197,  0.0622]],

         [[-0.0742, -0.0405, -0.0280],
          [-0.0729, -0.0503,  0.0663],
          [ 0.0644, -0.0609,  0.0024]],

         [[-0.0328,  0.0779, -0.0224],
          [-0.0239, -0.0184,  0.0222],
          [ 0.0815, -0.0117,  0.0296]],

         [[ 0.0774,  0.0154, -0.0014],
          [ 0.0418,  0.0243,  0.0446],
          [ 0.0471, -0.0387,  0.0611]],

         [[ 0.0802,  0.0104,  0.0925],
          [ 0.0425,  0.0842, -0.0523],
          [ 0.1014,  0.1053, -0.0559]],

         [[-0.0747, -0.0033, -0.0390],
          [ 0.0446,  0.0591, -0.0153],
          [ 0.0698,  0.0322, -0.0291]],

         [[-0.0517,  0.0424, -0.0538],
          [ 0.0166,  0.0173, -0.0414],
          [ 0.0397,  0.0319,  0.0713]],

         [[ 0.0565, -0.0883, -0.0649],
          [-0.0464, -0.0867,  0.0167],
          [-0.0618, -0.0925,  0.0066]],

         [[ 0.0520, -0.0136, -0.0590],
          [ 0.0298,  0.0852,  0.0955],
          [ 0.0190,  0.0806, -0.0502]],

         [[ 0.0990, -0.0294, -0.0555],
          [ 0.0986,  0.0212,  0.0545],
          [-0.0500,  0.0883,  0.0687]]],


        [[[ 0.0371,  0.0781, -0.0559],
          [-0.0077,  0.0517,  0.0645],
          [-0.0499,  0.0541, -0.0191]],

         [[-0.0564,  0.0086, -0.0910],
          [-0.0761,  0.0409,  0.0257],
          [ 0.0643,  0.0331, -0.0340]],

         [[-0.0673,  0.0700, -0.0805],
          [ 0.0346,  0.0712,  0.0586],
          [-0.0561, -0.0294, -0.0670]],

         [[ 0.0530, -0.0870, -0.0824],
          [-0.0512,  0.0876,  0.0570],
          [ 0.0625,  0.0768, -0.0367]],

         [[-0.0444, -0.0438,  0.0063],
          [ 0.0173, -0.0319, -0.1287],
          [-0.0186, -0.0283, -0.0255]],

         [[-0.0046,  0.0006, -0.0728],
          [ 0.0812, -0.0160,  0.0446],
          [ 0.0385,  0.0266,  0.0557]],

         [[ 0.0549,  0.0714,  0.0214],
          [ 0.0533, -0.0354, -0.0405],
          [ 0.0472,  0.0353,  0.0032]],

         [[-0.0683,  0.0294,  0.0563],
          [-0.0071,  0.0216,  0.0396],
          [-0.0798, -0.0113, -0.0285]],

         [[-0.0345,  0.0574,  0.0848],
          [ 0.0144,  0.0499, -0.0666],
          [ 0.0303, -0.0028, -0.0427]],

         [[ 0.0387,  0.0467, -0.0067],
          [ 0.0762,  0.0709,  0.0941],
          [ 0.0177,  0.0237,  0.0141]],

         [[ 0.0195, -0.0588, -0.0149],
          [-0.0527, -0.0485, -0.0669],
          [ 0.0658, -0.0279,  0.0048]],

         [[ 0.0163,  0.0842,  0.0394],
          [-0.0248,  0.1015, -0.0630],
          [ 0.0305,  0.1026,  0.0894]],

         [[-0.0118, -0.0524,  0.0411],
          [ 0.0739, -0.0412, -0.0132],
          [-0.0375,  0.0498,  0.0318]],

         [[ 0.0488, -0.0356, -0.0757],
          [-0.0385, -0.0694, -0.0208],
          [ 0.0298, -0.0729, -0.0034]],

         [[-0.0859, -0.0708, -0.0649],
          [-0.0264, -0.0363,  0.0060],
          [ 0.0494,  0.0615,  0.0278]],

         [[-0.0154, -0.0375,  0.0204],
          [-0.0315,  0.0573, -0.0872],
          [-0.0727,  0.0266, -0.0439]]],


        [[[ 0.0229,  0.0918,  0.0503],
          [ 0.0936,  0.0021, -0.0119],
          [-0.0059,  0.0022, -0.0238]],

         [[-0.0473,  0.0457, -0.0927],
          [ 0.0016,  0.0206,  0.0226],
          [ 0.0190,  0.0018,  0.0398]],

         [[-0.0494, -0.0546,  0.0796],
          [ 0.0728, -0.0384,  0.0827],
          [ 0.0150,  0.0359,  0.0882]],

         [[ 0.0044, -0.0322,  0.0392],
          [-0.0138, -0.0010, -0.0214],
          [ 0.1070,  0.0711, -0.0011]],

         [[ 0.0212,  0.0558, -0.0129],
          [ 0.0420, -0.0471, -0.0552],
          [ 0.0265,  0.0142,  0.1003]],

         [[ 0.0328,  0.0308, -0.0604],
          [ 0.0217,  0.0320,  0.0703],
          [-0.0042,  0.0140, -0.0223]],

         [[ 0.0721,  0.0766,  0.0518],
          [ 0.0637,  0.0820,  0.0948],
          [ 0.0582,  0.0668,  0.0415]],

         [[-0.0451,  0.0231,  0.0274],
          [-0.0639, -0.0222, -0.0490],
          [-0.0508,  0.0603,  0.0680]],

         [[-0.0272,  0.0166, -0.0322],
          [-0.0038, -0.0370, -0.0715],
          [-0.0450,  0.0669, -0.0082]],

         [[-0.0353,  0.0278, -0.0806],
          [ 0.0252,  0.0908,  0.0108],
          [ 0.0280, -0.0689, -0.0228]],

         [[ 0.0470, -0.0721, -0.0476],
          [ 0.0474,  0.0182,  0.0232],
          [-0.0820,  0.0470, -0.0252]],

         [[ 0.0127,  0.0677, -0.0766],
          [ 0.0383, -0.0522,  0.0609],
          [ 0.0459,  0.0381, -0.0341]],

         [[ 0.0144, -0.0616,  0.0013],
          [ 0.0503, -0.0875, -0.0493],
          [ 0.0039,  0.0020, -0.0058]],

         [[ 0.0761, -0.0315,  0.0109],
          [ 0.0405, -0.0305,  0.0452],
          [ 0.0506,  0.0234, -0.0236]],

         [[ 0.0361, -0.0806,  0.0051],
          [-0.0178,  0.0302, -0.0914],
          [-0.0125, -0.0664,  0.0299]],

         [[ 0.0427, -0.0673, -0.0242],
          [ 0.0579,  0.0658,  0.0626],
          [ 0.0596,  0.0378,  0.0519]]]], device='cuda:0')

----------------------colour_head.0.bias----------------------
tensor([-0.0616,  0.0577, -0.0210], device='cuda:0')

----------------------blending_mask_head.0.weight----------------------
tensor([[[[ 0.0509,  0.0320, -0.0134],
          [ 0.0868, -0.0090,  0.0435],
          [ 0.0668,  0.0067,  0.0548]],

         [[ 0.0588,  0.1300,  0.1816],
          [ 0.2097,  0.1324,  0.2150],
          [ 0.2218,  0.3173,  0.1274]],

         [[-0.0133, -0.0337, -0.0371],
          [ 0.0175, -0.0387,  0.0946],
          [ 0.0071,  0.0712, -0.0135]],

         [[ 0.0085, -0.0643,  0.0619],
          [ 0.1056,  0.1030, -0.0081],
          [ 0.1146, -0.0162,  0.0699]],

         [[ 0.0283, -0.0369, -0.0447],
          [-0.0379,  0.0204, -0.0488],
          [-0.0060,  0.1210,  0.0038]],

         [[ 0.0836,  0.0346,  0.1103],
          [ 0.0920,  0.1247,  0.1028],
          [ 0.0563,  0.1500,  0.0735]],

         [[-0.0454,  0.0311, -0.0114],
          [-0.0427,  0.0276, -0.0128],
          [ 0.0026, -0.0050, -0.0205]],

         [[-0.0338,  0.0081,  0.0801],
          [-0.0494, -0.0393, -0.0564],
          [-0.0036,  0.0055, -0.0576]],

         [[ 0.2342,  0.1290,  0.2715],
          [ 0.2134,  0.1907,  0.1597],
          [ 0.2506,  0.2716,  0.1479]],

         [[-0.0141,  0.0681, -0.0359],
          [-0.0216,  0.0029,  0.0074],
          [ 0.0235, -0.0190, -0.0347]],

         [[ 0.0749,  0.0985,  0.1116],
          [ 0.0588,  0.0938, -0.0181],
          [ 0.1210,  0.1496,  0.0980]],

         [[-0.0492,  0.0561, -0.1002],
          [ 0.0128, -0.0022, -0.0863],
          [-0.0090, -0.0179,  0.0381]],

         [[ 0.1667,  0.2056,  0.1509],
          [ 0.2436,  0.1756,  0.2337],
          [ 0.2469,  0.1074,  0.1199]],

         [[ 0.2479,  0.2579,  0.1168],
          [ 0.1943,  0.1492,  0.2655],
          [ 0.2661,  0.2437,  0.2339]],

         [[ 0.1458,  0.2341,  0.1222],
          [ 0.1665,  0.1511,  0.1048],
          [ 0.1289,  0.1935,  0.1644]],

         [[ 0.0918,  0.1261,  0.1195],
          [ 0.1169,  0.2209,  0.0716],
          [ 0.1686,  0.1032,  0.0776]]]], device='cuda:0')

----------------------blending_mask_head.0.bias----------------------
tensor([0.1152], device='cuda:0')
