
----------------------input_conv.weight----------------------
tensor([[[[ 9.5823e-02,  1.0157e-01, -1.3480e-02],
          [ 1.1533e-01, -4.1926e-04,  3.8241e-02],
          [-2.9470e-02,  8.5658e-02,  1.1079e-01]],

         [[-6.6664e-02,  1.0174e-01,  2.7152e-02],
          [ 9.0199e-02,  3.2537e-02,  6.3469e-02],
          [-8.9198e-04,  9.8839e-02,  2.7796e-02]],

         [[-3.8928e-02,  3.7709e-02, -4.0105e-02],
          [-2.0982e-03, -2.5315e-02,  8.2159e-02],
          [-7.2546e-02, -3.3024e-02, -1.8764e-02]],

         ...,

         [[-2.6096e-02,  4.5190e-02, -7.0796e-03],
          [ 9.4879e-02, -5.1086e-02, -4.9917e-02],
          [-5.7893e-02,  1.0280e-01,  4.5871e-02]],

         [[ 1.1495e-01, -7.0752e-02, -8.6514e-02],
          [-7.2838e-02, -5.7430e-02,  5.7754e-02],
          [ 4.3377e-02,  9.6521e-02, -4.2728e-02]],

         [[-9.4271e-02,  3.2574e-02, -6.8211e-02],
          [ 4.2213e-02, -4.8746e-02,  3.3916e-02],
          [-1.0523e-01, -7.8137e-02,  5.6691e-03]]],


        [[[ 1.8899e-02, -6.1237e-02,  3.7416e-02],
          [ 5.5340e-02, -1.2513e-01, -8.9657e-02],
          [ 1.1683e-01, -4.9842e-02, -5.1376e-02]],

         [[-1.2509e-01, -1.2181e-01, -2.7045e-02],
          [-3.0417e-02, -1.3952e-01, -4.9697e-02],
          [-2.3999e-02, -9.7293e-02, -7.6076e-02]],

         [[-1.3410e-01, -1.4830e-01,  2.5930e-02],
          [-2.7030e-03, -4.5694e-02, -1.7409e-01],
          [ 1.1578e-03, -7.7547e-02, -4.1018e-02]],

         ...,

         [[-4.4883e-02,  1.1951e-01, -5.0159e-02],
          [ 8.6573e-02,  6.1305e-02,  5.8215e-02],
          [-4.0236e-02,  1.1005e-01,  4.0718e-02]],

         [[ 5.0488e-02, -7.0702e-02,  6.7446e-02],
          [ 2.7017e-02, -1.8514e-02,  1.1662e-01],
          [ 6.0834e-02, -3.1259e-02, -2.6925e-02]],

         [[-3.5325e-02,  3.1462e-02, -5.2113e-02],
          [-8.5322e-02, -5.9324e-02, -1.0089e-01],
          [ 1.6322e-02,  6.0993e-02, -1.1974e-01]]],


        [[[ 3.8220e-02,  7.9769e-02,  4.7760e-02],
          [-1.5765e-02,  8.9507e-02,  8.8066e-02],
          [ 4.7552e-02,  1.4194e-03, -6.9992e-03]],

         [[ 1.9026e-02,  2.7982e-03, -6.5125e-03],
          [ 8.0348e-02,  1.1877e-01,  1.6516e-02],
          [-2.6907e-02,  1.2821e-02,  6.4924e-03]],

         [[ 4.0888e-02,  5.9392e-02, -6.2912e-02],
          [-1.9751e-02,  1.2357e-01,  7.5274e-02],
          [-2.8610e-03, -4.4714e-02, -4.3962e-02]],

         ...,

         [[-4.7508e-02, -3.9230e-05, -5.0183e-02],
          [-5.9850e-02,  4.8564e-02, -1.1905e-02],
          [ 7.0268e-02, -2.2847e-02, -6.1722e-02]],

         [[-8.3801e-03, -3.5517e-02, -1.2444e-02],
          [-9.6545e-02,  6.7206e-02, -6.0004e-02],
          [ 5.0812e-02,  5.1224e-02,  8.3259e-02]],

         [[-9.5565e-02,  5.7371e-02, -7.2939e-02],
          [ 2.4241e-02,  8.0491e-02, -3.6878e-02],
          [-1.7505e-02, -4.3218e-02, -1.0887e-01]]],


        ...,


        [[[ 1.2078e-03, -2.0630e-02, -2.7602e-02],
          [ 2.5681e-02,  1.1930e-01,  7.2572e-02],
          [ 7.2706e-02,  6.0544e-02,  1.0340e-01]],

         [[-1.7369e-02, -1.9536e-02, -6.9619e-03],
          [-9.2100e-02, -8.9669e-02,  6.2469e-03],
          [-3.9781e-02,  4.7105e-03, -1.1597e-02]],

         [[-8.2413e-03,  3.1975e-02, -7.0763e-02],
          [ 6.4977e-02,  5.8324e-02, -1.0493e-01],
          [-9.2696e-02, -9.1204e-02, -5.4462e-02]],

         ...,

         [[ 4.8187e-02,  9.0733e-02, -3.6977e-02],
          [-1.4023e-02,  3.5973e-02,  2.0045e-02],
          [ 9.3609e-02, -4.8834e-02,  3.0352e-03]],

         [[ 4.6640e-02, -3.3307e-03,  9.5585e-02],
          [ 3.7699e-02, -7.3328e-02,  1.3822e-02],
          [-2.2050e-02,  3.4260e-02,  1.2009e-02]],

         [[-1.2611e-01, -3.5543e-02, -2.2992e-02],
          [-4.8351e-02,  8.2501e-02, -3.6952e-02],
          [ 5.2734e-02,  1.2674e-02, -1.0352e-01]]],


        [[[ 4.3324e-02,  1.0872e-01, -5.4323e-02],
          [-5.3084e-02,  1.2461e-01,  9.8869e-02],
          [-4.4337e-02,  8.4764e-02, -1.2458e-03]],

         [[-8.9113e-02,  2.7194e-02,  4.6747e-02],
          [-2.3306e-02,  5.2850e-02, -8.0803e-02],
          [ 7.7226e-02,  1.0185e-01,  6.1640e-02]],

         [[ 3.7838e-02,  6.0303e-02, -5.6739e-02],
          [-1.4529e-02,  9.9905e-03, -4.4690e-02],
          [-7.3372e-02,  8.3011e-02,  7.6270e-02]],

         ...,

         [[ 2.3722e-02, -7.5473e-02, -8.3314e-02],
          [ 5.3399e-02,  9.8231e-02, -8.1651e-02],
          [ 4.2192e-02, -7.1341e-02,  1.5983e-02]],

         [[ 1.0749e-01,  9.3325e-02, -6.0797e-02],
          [ 6.9212e-02,  6.2406e-02,  1.0816e-02],
          [ 1.0276e-01, -3.7759e-02, -1.7171e-02]],

         [[-3.8298e-02,  2.7681e-02,  3.7589e-02],
          [ 2.3174e-02, -4.6402e-02, -3.6164e-02],
          [ 5.0067e-02, -7.9827e-02, -4.6867e-03]]],


        [[[ 1.1832e-03, -3.7423e-02,  4.1595e-02],
          [ 9.3818e-03,  7.8395e-02, -4.5396e-03],
          [-6.7648e-02,  7.6294e-02,  1.7938e-02]],

         [[-2.6377e-02, -6.3414e-02,  2.8777e-02],
          [-9.7527e-02,  3.3238e-02,  5.8003e-02],
          [-9.3466e-02, -6.6703e-02, -7.2076e-02]],

         [[ 9.3512e-02,  9.6879e-02,  1.2056e-02],
          [ 1.0326e-01, -2.8256e-02, -9.5042e-02],
          [ 3.7267e-02,  4.0896e-02,  1.0812e-01]],

         ...,

         [[-4.8681e-02, -2.9978e-02,  4.6323e-03],
          [-6.4793e-02,  1.1318e-02, -4.1341e-03],
          [ 3.8717e-02,  2.4710e-02,  7.8821e-02]],

         [[-1.7397e-05, -7.2502e-02,  5.2207e-02],
          [-7.0600e-02, -1.2081e-02, -3.1393e-02],
          [-4.2134e-02, -3.9498e-02,  9.6681e-02]],

         [[ 6.9722e-02,  3.5330e-02,  1.0269e-01],
          [-8.2904e-02,  2.7003e-02,  7.5856e-02],
          [ 8.4797e-02, -7.1120e-02,  4.9274e-02]]]], device='cuda:0')

----------------------input_conv.bias----------------------
tensor([-0.0421,  0.0212,  0.0045, -0.0085, -0.0607, -0.0079,  0.0563,  0.0497,
        -0.0403, -0.0325,  0.0165, -0.0402,  0.0904,  0.1060,  0.0108, -0.0772],
       device='cuda:0')

----------------------body.0.weight----------------------
tensor([[[[ 2.9881e-02,  4.5333e-02,  7.8544e-02],
          [-3.3892e-02, -5.9431e-02,  5.1655e-02],
          [ 1.2014e-02, -1.4269e-02, -1.9595e-02]],

         [[-4.3394e-02,  3.7555e-02, -3.8674e-02],
          [ 4.7786e-02,  4.1255e-02, -2.0873e-02],
          [ 1.1108e-02, -3.1791e-02,  3.0012e-02]],

         [[-6.9493e-02,  5.0539e-02,  7.6975e-03],
          [ 5.1059e-02,  3.0374e-02,  1.3639e-03],
          [-7.7178e-04,  6.8472e-02, -3.4328e-02]],

         ...,

         [[-4.4013e-02,  2.7273e-02,  3.2130e-04],
          [-2.7718e-02,  4.5870e-02,  1.3787e-02],
          [-1.9180e-03, -2.9960e-02,  1.6387e-03]],

         [[-5.7284e-02,  4.0234e-02,  1.9762e-02],
          [ 5.7881e-02,  2.1268e-02,  1.9955e-02],
          [ 2.5934e-02,  7.4726e-02, -3.0052e-02]],

         [[ 6.4659e-02,  4.0480e-02, -4.4243e-02],
          [ 4.3830e-02, -2.9315e-02, -1.3271e-02],
          [-2.7472e-02, -3.8425e-02,  7.6863e-02]]],


        [[[-5.2766e-02,  6.3018e-02, -5.7825e-02],
          [ 1.1168e-02,  2.8692e-02,  7.9005e-02],
          [-1.3276e-02,  4.3402e-02,  3.1995e-02]],

         [[ 4.3979e-02,  1.8563e-02,  8.8382e-02],
          [-6.7730e-02, -8.7222e-02,  1.0782e-01],
          [-3.3075e-02, -2.7434e-02,  1.4434e-02]],

         [[ 1.0286e-01,  5.2484e-04, -5.1376e-02],
          [ 7.3711e-03,  7.1038e-02,  5.4419e-02],
          [ 9.3810e-02,  1.7570e-02,  6.8886e-02]],

         ...,

         [[ 1.8463e-02,  9.0669e-02,  3.5968e-04],
          [ 4.2458e-02,  8.5596e-02, -4.0164e-02],
          [-3.9318e-02, -1.0971e-02,  8.4927e-02]],

         [[ 7.6824e-02, -4.1504e-02,  2.7185e-02],
          [-2.6065e-02, -2.1785e-02,  8.4849e-02],
          [ 4.8446e-02, -1.2990e-02,  1.8500e-02]],

         [[ 1.6300e-02,  1.5600e-02, -3.5853e-02],
          [-4.8404e-02,  5.2380e-02,  2.5188e-03],
          [ 3.2027e-02, -3.5367e-02,  3.1185e-02]]],


        [[[ 6.9494e-02,  6.0036e-02,  3.0941e-02],
          [ 9.2604e-02,  9.5888e-03,  2.3150e-02],
          [ 8.8181e-02,  8.7378e-02, -2.9265e-02]],

         [[ 6.3312e-02,  3.7140e-02, -1.1908e-02],
          [ 5.8951e-02, -4.2023e-02,  4.7921e-02],
          [ 7.5833e-02, -4.1524e-02, -3.6252e-02]],

         [[-5.8881e-02,  2.5942e-03, -6.4357e-02],
          [-7.9042e-03,  4.3038e-02,  7.5486e-02],
          [ 6.4025e-02,  5.8762e-02,  4.4518e-02]],

         ...,

         [[-5.2177e-02,  4.3857e-02,  8.0040e-02],
          [-7.5375e-02,  6.0650e-02,  1.4519e-02],
          [ 1.6856e-02,  7.6250e-02,  7.5890e-02]],

         [[ 3.9953e-02,  6.0621e-02,  3.5105e-02],
          [ 1.8418e-02, -7.8681e-02,  1.4751e-02],
          [-5.6415e-02,  1.8883e-02,  9.5804e-03]],

         [[-2.2721e-03, -6.1768e-02, -5.5958e-02],
          [ 5.6619e-02,  3.5159e-02,  3.7791e-02],
          [-3.2187e-02, -2.1829e-02, -2.9311e-02]]],


        ...,


        [[[ 9.1323e-02, -6.0871e-02,  9.0400e-02],
          [-5.7425e-02, -5.2620e-03, -1.7718e-02],
          [-3.8900e-02,  4.2371e-02,  6.2679e-02]],

         [[-4.5819e-02, -5.7797e-02,  1.3835e-02],
          [ 5.7086e-04,  1.7422e-03,  8.3399e-03],
          [ 7.5589e-04, -4.1243e-02,  8.2641e-03]],

         [[-2.3198e-02, -3.7403e-02, -2.0603e-02],
          [-2.8340e-02,  1.0906e-01,  4.9261e-02],
          [ 3.3218e-02,  2.4197e-02, -3.1876e-02]],

         ...,

         [[ 7.8117e-02,  6.6057e-02,  7.4616e-03],
          [-4.5782e-02, -6.9015e-02,  8.1573e-02],
          [-3.9097e-02, -8.3553e-03, -5.6993e-02]],

         [[-4.7357e-02,  3.4839e-02, -4.5815e-04],
          [ 1.4708e-02,  1.2676e-02,  2.1577e-02],
          [-1.3580e-02,  6.4334e-03,  5.0678e-02]],

         [[ 7.0334e-02,  8.8773e-02, -5.5323e-02],
          [-6.2537e-02,  6.4870e-03,  8.0315e-03],
          [ 4.9692e-02,  9.2102e-02,  3.2973e-02]]],


        [[[-4.0852e-02,  1.5343e-02,  7.5038e-02],
          [ 4.6172e-02, -3.3702e-02,  3.2766e-02],
          [-6.8478e-02, -9.6255e-03,  8.3901e-02]],

         [[-9.2151e-03,  3.7139e-02, -8.6480e-02],
          [ 9.5592e-02,  2.4501e-02,  2.0335e-02],
          [ 6.0898e-02,  1.0918e-02, -5.5936e-02]],

         [[-2.8410e-02, -2.6181e-02,  1.0823e-01],
          [-1.1378e-02,  3.6599e-02, -3.5124e-02],
          [ 3.6731e-02,  4.0282e-03, -2.4562e-02]],

         ...,

         [[ 6.4796e-02,  5.9309e-02, -5.3610e-02],
          [ 8.6093e-03,  6.2356e-02,  1.9616e-02],
          [ 3.4461e-03, -1.4248e-02,  1.0924e-01]],

         [[-4.2808e-02, -2.8714e-02,  9.7699e-02],
          [-3.3206e-02,  8.2422e-02, -1.0644e-02],
          [-4.7286e-04, -1.6187e-02,  9.6201e-02]],

         [[ 7.3649e-02,  3.9270e-02,  3.3829e-02],
          [-1.9142e-02, -1.2147e-02, -7.2783e-05],
          [ 2.8995e-02,  7.6320e-03,  7.7680e-02]]],


        [[[ 2.2068e-02,  1.0978e-02, -3.9114e-02],
          [ 4.1453e-02, -6.1582e-02,  2.9932e-02],
          [ 3.3075e-02,  2.0546e-02,  6.1278e-02]],

         [[ 1.9684e-02, -1.2145e-02, -2.9331e-02],
          [-7.0987e-02,  3.4179e-02,  5.1910e-02],
          [-4.2035e-02,  3.5138e-02, -1.6797e-02]],

         [[ 8.2876e-02, -8.2894e-03,  7.9698e-02],
          [ 9.3027e-02,  8.5876e-02,  8.2762e-02],
          [ 3.8751e-02,  4.9726e-02, -5.2134e-02]],

         ...,

         [[-1.7601e-02, -4.2082e-02,  3.3008e-02],
          [ 3.6668e-02, -9.2892e-03,  6.2544e-02],
          [-2.9595e-03, -3.0033e-02, -7.2074e-02]],

         [[ 4.2001e-02, -6.2979e-02,  4.6248e-03],
          [ 1.7568e-02, -3.7888e-02,  2.5548e-02],
          [ 1.3641e-02,  5.3554e-02,  4.6257e-02]],

         [[-5.3104e-02, -5.4144e-02, -3.6948e-02],
          [-4.4701e-02,  3.6686e-02, -5.7543e-02],
          [-5.1188e-02,  3.1842e-02,  4.6153e-02]]]], device='cuda:0')

----------------------body.0.bias----------------------
tensor([-0.0206, -0.0669, -0.0026,  0.0451,  0.1008,  0.0249,  0.0465, -0.0733,
         0.0896, -0.0726, -0.0416,  0.0725, -0.0022,  0.0439, -0.0379,  0.0548],
       device='cuda:0')

----------------------feature_head.weight----------------------
tensor([[[[ 0.0790,  0.0252,  0.0672],
          [-0.0595, -0.0184,  0.0254],
          [ 0.0471, -0.0445,  0.0530]],

         [[-0.0274, -0.0445,  0.0163],
          [-0.0664, -0.0765,  0.0277],
          [ 0.0284,  0.0320, -0.0109]],

         [[-0.0609, -0.0669,  0.0797],
          [-0.0722,  0.0251,  0.0677],
          [ 0.0637, -0.0525, -0.0269]],

         [[-0.0666,  0.0523, -0.0782],
          [-0.0767, -0.0556,  0.0680],
          [ 0.0540,  0.0558,  0.0639]],

         [[-0.0389, -0.0465, -0.0512],
          [ 0.0275,  0.0324,  0.0173],
          [-0.0641,  0.0074, -0.0442]],

         [[-0.0164, -0.0129,  0.0041],
          [-0.0731,  0.0711, -0.0355],
          [ 0.0260,  0.0574,  0.0336]],

         [[ 0.0584,  0.0471,  0.0610],
          [ 0.0176,  0.0532, -0.0362],
          [-0.0449,  0.0398,  0.0219]],

         [[-0.0031, -0.0703,  0.0272],
          [ 0.0540, -0.0096,  0.0191],
          [ 0.0371, -0.0823, -0.0137]],

         [[-0.0309, -0.0426,  0.0509],
          [ 0.0826,  0.0133,  0.0519],
          [-0.0618,  0.0147, -0.0108]],

         [[-0.0514,  0.0171,  0.0265],
          [-0.0040,  0.0354,  0.0400],
          [ 0.0756,  0.0048,  0.0030]],

         [[-0.0012,  0.0115, -0.0540],
          [-0.0103, -0.0705, -0.0585],
          [-0.0710,  0.0618, -0.0479]],

         [[-0.0067,  0.0089,  0.0736],
          [ 0.0378, -0.0593,  0.0815],
          [-0.0789,  0.0108,  0.0761]],

         [[ 0.0723, -0.0193, -0.0556],
          [ 0.0366,  0.0642, -0.0444],
          [-0.0132, -0.0507,  0.0318]],

         [[ 0.0177,  0.0413, -0.0286],
          [-0.0804, -0.0351, -0.0652],
          [-0.0201,  0.0303, -0.0693]],

         [[-0.0039, -0.0815, -0.0591],
          [-0.0583, -0.0284, -0.0422],
          [ 0.0128,  0.0509,  0.0628]],

         [[ 0.0263, -0.0006, -0.0149],
          [ 0.0566, -0.0477,  0.0602],
          [-0.0802, -0.0622,  0.0221]]]], device='cuda:0')

----------------------feature_head.bias----------------------
tensor([-0.0343], device='cuda:0')

----------------------colour_head.0.weight----------------------
tensor([[[[ 0.0300,  0.1033,  0.0575],
          [ 0.1021, -0.0006, -0.0204],
          [-0.0048, -0.0028, -0.0349]],

         [[ 0.0289,  0.1167, -0.0070],
          [ 0.0824,  0.0875,  0.0970],
          [ 0.0371, -0.0122,  0.0598]],

         [[-0.0137, -0.0255,  0.0997],
          [ 0.0976, -0.0291,  0.0954],
          [ 0.0436,  0.0490,  0.1070]],

         [[-0.0133, -0.0323,  0.0549],
          [-0.0202, -0.0163, -0.0261],
          [ 0.0983,  0.0608,  0.0038]],

         [[-0.0171, -0.0084, -0.0618],
          [-0.0011, -0.0913, -0.0283],
          [-0.0366, -0.0559,  0.0559]],

         [[ 0.0267,  0.0584, -0.0410],
          [ 0.0247,  0.0481,  0.0643],
          [-0.0336, -0.0161, -0.0654]],

         [[ 0.0504,  0.0602,  0.0385],
          [ 0.0453,  0.0637,  0.0902],
          [ 0.0330,  0.0461,  0.0368]],

         [[-0.0533,  0.0164,  0.0198],
          [-0.0731, -0.0288, -0.0562],
          [-0.0598,  0.0539,  0.0591]],

         [[-0.0323,  0.0031, -0.0454],
          [ 0.0053, -0.0338, -0.0677],
          [-0.0508,  0.0600, -0.0150]],

         [[-0.0372,  0.0269, -0.0774],
          [ 0.0147,  0.0906,  0.0250],
          [ 0.0192, -0.0671, -0.0081]],

         [[ 0.0732, -0.0331, -0.0195],
          [ 0.0925,  0.0696,  0.0712],
          [-0.0573,  0.0805, -0.0011]],

         [[ 0.0288,  0.0740, -0.0778],
          [ 0.0281, -0.0785,  0.0520],
          [ 0.0207, -0.0046, -0.0507]],

         [[ 0.0028, -0.0549,  0.0123],
          [ 0.0724, -0.0432, -0.0073],
          [-0.0109,  0.0095, -0.0010]],

         [[ 0.0612, -0.0165,  0.0101],
          [ 0.0618,  0.0183,  0.0658],
          [ 0.0589,  0.0593, -0.0214]],

         [[ 0.1157, -0.0208,  0.0405],
          [ 0.0721,  0.0936, -0.0543],
          [ 0.0608, -0.0225,  0.0499]],

         [[ 0.0168, -0.0624, -0.0040],
          [ 0.0225,  0.0446,  0.0829],
          [ 0.0241,  0.0020,  0.0350]]],


        [[[-0.0629,  0.0751, -0.0044],
          [ 0.0638,  0.0458,  0.0018],
          [ 0.0607, -0.0420,  0.0236]],

         [[ 0.0478, -0.0203,  0.0326],
          [-0.0681, -0.0232,  0.0552],
          [ 0.0437, -0.0753,  0.0381]],

         [[ 0.0163,  0.0893, -0.0753],
          [-0.0082, -0.0347, -0.0412],
          [-0.0024, -0.0653,  0.0753]],

         [[-0.0208,  0.0374, -0.0394],
          [ 0.0122, -0.0498,  0.0728],
          [ 0.0887,  0.0820, -0.0197]],

         [[ 0.0512, -0.0675,  0.0410],
          [-0.0161, -0.0755, -0.0706],
          [-0.0771,  0.0172, -0.0264]],

         [[-0.0136,  0.1119, -0.0036],
          [ 0.0566,  0.0235,  0.0782],
          [ 0.0246,  0.0637,  0.0334]],

         [[-0.0057,  0.0827, -0.0028],
          [-0.0381,  0.0381, -0.0024],
          [-0.0473,  0.0274, -0.0098]],

         [[-0.0185, -0.0260, -0.0231],
          [-0.0177,  0.0234,  0.0932],
          [-0.0306, -0.0202, -0.0413]],

         [[ 0.0152,  0.0221, -0.0446],
          [ 0.0595, -0.0589,  0.0889],
          [ 0.0328,  0.0048, -0.0202]],

         [[ 0.0366,  0.0615, -0.0687],
          [ 0.0002,  0.0879, -0.0072],
          [-0.0479, -0.0058,  0.0175]],

         [[-0.0113, -0.0575, -0.0602],
          [ 0.0419,  0.0773,  0.0803],
          [-0.0020,  0.0404, -0.0670]],

         [[ 0.0508,  0.0779,  0.0356],
          [-0.0302,  0.0619, -0.0850],
          [-0.0086, -0.0275, -0.0853]],

         [[-0.0283, -0.0320,  0.0436],
          [ 0.0299,  0.0843,  0.0142],
          [ 0.0862,  0.0392,  0.0923]],

         [[ 0.0777, -0.0571, -0.0530],
          [ 0.0764,  0.1066, -0.0617],
          [ 0.0153, -0.0141,  0.0776]],

         [[ 0.0747,  0.0506,  0.0253],
          [ 0.0205,  0.0796, -0.0572],
          [ 0.0240, -0.0227, -0.0765]],

         [[-0.0265,  0.0387,  0.0056],
          [-0.0389,  0.0118,  0.0305],
          [-0.0554,  0.0529, -0.0628]]],


        [[[ 0.0114, -0.0424, -0.0599],
          [ 0.0002,  0.0963,  0.0839],
          [ 0.0232,  0.0654, -0.0521]],

         [[ 0.0398,  0.0541, -0.0689],
          [-0.0710,  0.0380,  0.0129],
          [-0.0706, -0.0796,  0.0537]],

         [[ 0.0075,  0.0013, -0.0759],
          [ 0.0712, -0.0530,  0.0394],
          [-0.0121,  0.0009,  0.0411]],

         [[-0.0311, -0.0270,  0.0695],
          [-0.0600,  0.0459, -0.0088],
          [-0.0135,  0.0743,  0.0285]],

         [[-0.0699,  0.0830, -0.0359],
          [ 0.0740, -0.0248,  0.0794],
          [ 0.0363,  0.0077,  0.0392]],

         [[-0.0015, -0.0189,  0.0673],
          [ 0.0652,  0.0168,  0.1019],
          [-0.0041, -0.0395, -0.0375]],

         [[ 0.0579, -0.0253,  0.0591],
          [-0.0750,  0.0155, -0.0446],
          [ 0.0381,  0.0812,  0.0428]],

         [[-0.0142, -0.0637, -0.0278],
          [-0.0323,  0.0964, -0.0311],
          [ 0.0502,  0.0844,  0.0432]],

         [[-0.0591,  0.0037, -0.0185],
          [ 0.0737,  0.0087,  0.0051],
          [ 0.0895,  0.0333,  0.0447]],

         [[-0.0519,  0.0426, -0.0060],
          [-0.0335,  0.0110, -0.0777],
          [-0.0199,  0.0215, -0.0957]],

         [[-0.0566,  0.0477, -0.0053],
          [-0.0018,  0.0173, -0.0392],
          [ 0.0571, -0.0167, -0.0447]],

         [[ 0.0643, -0.0586, -0.0180],
          [ 0.0178, -0.0287,  0.0304],
          [-0.0685, -0.0333, -0.0510]],

         [[ 0.0829,  0.0619, -0.0323],
          [ 0.0692,  0.0530,  0.1228],
          [ 0.0662, -0.0090,  0.1075]],

         [[-0.0072,  0.0038,  0.0340],
          [ 0.1071,  0.0580, -0.0667],
          [-0.0170,  0.0908, -0.0353]],

         [[-0.0419, -0.0721, -0.0636],
          [-0.0299,  0.0183,  0.0101],
          [ 0.0830,  0.0443, -0.0268]],

         [[ 0.0458,  0.0619, -0.0555],
          [ 0.0456, -0.0441,  0.0734],
          [-0.0420,  0.0127, -0.0017]]]], device='cuda:0')

----------------------colour_head.0.bias----------------------
tensor([ 0.0229,  0.0138, -0.0504], device='cuda:0')

----------------------blending_mask_head.0.weight----------------------
tensor([[[[ 5.6638e-02,  7.0776e-02, -2.2735e-02],
          [-3.1255e-02, -3.4551e-02, -1.9894e-02],
          [ 1.1044e-02,  2.6641e-02,  1.9287e-02]],

         [[ 1.5559e-04,  7.1399e-02,  2.3897e-02],
          [-2.5386e-02, -1.2909e-03, -2.8142e-02],
          [-5.4447e-03, -5.7406e-02,  3.6938e-02]],

         [[-5.8398e-02,  3.9100e-02,  6.4025e-02],
          [-5.5556e-02, -3.6429e-02, -5.8179e-02],
          [ 2.8396e-02,  2.3007e-02, -3.5643e-02]],

         [[ 6.6364e-02,  5.0502e-02, -5.9150e-02],
          [ 1.0601e-02, -2.1106e-02,  1.3799e-04],
          [ 6.1162e-02,  5.5454e-03, -4.4733e-02]],

         [[ 1.3178e-01, -2.6217e-03,  4.4512e-02],
          [ 1.0524e-01,  1.4705e-01,  1.5405e-01],
          [ 5.2899e-02,  1.0078e-01, -4.7481e-04]],

         [[ 8.8400e-03, -2.6211e-04,  4.7831e-02],
          [-2.8654e-02,  4.4695e-02,  6.7979e-02],
          [ 8.9148e-02,  1.0279e-02,  9.9924e-02]],

         [[-6.5723e-02, -1.1787e-02,  4.2225e-02],
          [ 3.3761e-02,  5.1002e-02, -4.4851e-02],
          [ 6.4054e-02, -6.5997e-02, -4.6947e-02]],

         [[-9.2070e-03, -8.4550e-02, -8.2767e-02],
          [-7.8469e-02,  6.2215e-02,  1.3950e-02],
          [-3.0384e-02, -7.5159e-03, -7.6989e-02]],

         [[-6.8768e-02, -4.8965e-02, -7.1491e-02],
          [ 6.5062e-02, -2.0427e-02, -1.3876e-02],
          [-6.1254e-02,  2.3094e-02, -3.5558e-03]],

         [[ 2.4896e-03,  1.1334e-01,  1.3317e-01],
          [-1.9784e-03,  1.0491e-01,  4.7811e-02],
          [ 5.4542e-02,  9.1229e-02,  4.4397e-02]],

         [[ 9.0834e-02,  7.0711e-02, -3.2884e-02],
          [-3.0011e-02, -6.1426e-02,  4.8380e-02],
          [-4.3464e-02, -5.0914e-02, -3.3218e-02]],

         [[-1.0775e-02,  4.7391e-03,  1.4778e-01],
          [ 1.1899e-01,  1.4742e-01,  3.4012e-02],
          [ 3.8703e-02,  4.4488e-02,  7.6234e-02]],

         [[-1.0080e-02,  5.7404e-02, -7.2754e-03],
          [ 5.9867e-02,  1.2168e-01,  5.9276e-02],
          [ 1.0567e-01, -1.5729e-02,  3.2192e-02]],

         [[-3.5990e-02,  5.1098e-03, -1.9357e-02],
          [-2.9138e-02, -6.3174e-02, -1.6660e-02],
          [ 2.7557e-02,  6.1476e-04, -6.4927e-02]],

         [[ 9.5100e-02,  1.0415e-01,  2.1235e-04],
          [ 4.0180e-02,  9.6648e-02, -3.0485e-02],
          [-4.3126e-02,  8.3217e-02,  4.5145e-02]],

         [[ 4.6186e-02, -1.4921e-02,  3.3859e-02],
          [ 7.6096e-02,  8.5698e-04, -6.8557e-03],
          [-5.9666e-02,  5.5973e-03,  7.1847e-02]]]], device='cuda:0')

----------------------blending_mask_head.0.bias----------------------
tensor([-0.0369], device='cuda:0')
