
----------------------input_conv.weight----------------------
tensor([[[[ 0.1114,  0.1189,  0.0055],
          [ 0.1298,  0.0235,  0.0555],
          [-0.0167,  0.1024,  0.1215]],

         [[-0.0477,  0.1215,  0.0483],
          [ 0.1092,  0.0590,  0.0830],
          [ 0.0176,  0.1195,  0.0420]],

         [[-0.0257,  0.0507, -0.0258],
          [ 0.0118, -0.0046,  0.0953],
          [-0.0578, -0.0174, -0.0102]],

         ...,

         [[-0.0368,  0.0387, -0.0087],
          [ 0.0816, -0.0609, -0.0584],
          [-0.0747,  0.0847,  0.0287]],

         [[ 0.1026, -0.0798, -0.0909],
          [-0.0863, -0.0681,  0.0480],
          [ 0.0281,  0.0792, -0.0596]],

         [[-0.0631,  0.0597, -0.0447],
          [ 0.0787, -0.0142,  0.0659],
          [-0.0577, -0.0316,  0.0494]]],


        [[[-0.0357, -0.0895, -0.0049],
          [ 0.0229, -0.1389, -0.1165],
          [ 0.0757, -0.0762, -0.0732]],

         [[-0.1639, -0.1267, -0.0443],
          [-0.0658, -0.1419, -0.0598],
          [-0.0961, -0.1330, -0.0964]],

         [[-0.1652, -0.1455,  0.0222],
          [-0.0439, -0.0472, -0.1757],
          [-0.1046, -0.0930, -0.0358]],

         ...,

         [[-0.0389,  0.1323, -0.0454],
          [ 0.0936,  0.0717,  0.0636],
          [-0.0263,  0.1259,  0.0514]],

         [[ 0.0538, -0.0553,  0.0783],
          [ 0.0225, -0.0121,  0.1222],
          [ 0.0559, -0.0264, -0.0228]],

         [[-0.0179,  0.0490, -0.0308],
          [-0.0683, -0.0422, -0.0799],
          [ 0.0333,  0.0786, -0.0982]]],


        [[[ 0.0464,  0.0884,  0.0541],
          [-0.0128,  0.0959,  0.0961],
          [ 0.0556,  0.0102, -0.0051]],

         [[ 0.0345,  0.0162,  0.0041],
          [ 0.0925,  0.1314,  0.0302],
          [-0.0067,  0.0305,  0.0164]],

         [[ 0.0487,  0.0643, -0.0605],
          [-0.0142,  0.1288,  0.0813],
          [ 0.0112, -0.0353, -0.0426]],

         ...,

         [[-0.0483, -0.0016, -0.0493],
          [-0.0609,  0.0428, -0.0139],
          [ 0.0683, -0.0280, -0.0681]],

         [[-0.0086, -0.0362, -0.0106],
          [-0.0950,  0.0635, -0.0591],
          [ 0.0535,  0.0507,  0.0810]],

         [[-0.0896,  0.0631, -0.0680],
          [ 0.0370,  0.0942, -0.0242],
          [ 0.0024, -0.0228, -0.0903]]],


        ...,


        [[[-0.0311, -0.0685, -0.0586],
          [-0.0149,  0.0695,  0.0369],
          [ 0.0443,  0.0371,  0.0886]],

         [[-0.0358, -0.0522, -0.0249],
          [-0.1182, -0.1224, -0.0150],
          [-0.0586, -0.0089, -0.0192]],

         [[-0.0241, -0.0039, -0.0935],
          [ 0.0451,  0.0320, -0.1221],
          [-0.1107, -0.1021, -0.0619]],

         ...,

         [[ 0.0591,  0.1051, -0.0239],
          [-0.0038,  0.0490,  0.0318],
          [ 0.1043, -0.0371,  0.0121]],

         [[ 0.0468, -0.0010,  0.0958],
          [ 0.0352, -0.0734,  0.0120],
          [-0.0244,  0.0326,  0.0075]],

         [[-0.1501, -0.0627, -0.0501],
          [-0.0752,  0.0545, -0.0628],
          [ 0.0265, -0.0130, -0.1259]]],


        [[[ 0.0490,  0.1204, -0.0453],
          [-0.0484,  0.1396,  0.1085],
          [-0.0443,  0.0875, -0.0022]],

         [[-0.0756,  0.0447,  0.0611],
          [-0.0081,  0.0764, -0.0633],
          [ 0.0909,  0.1168,  0.0722]],

         [[ 0.0510,  0.0760, -0.0444],
          [ 0.0012,  0.0332, -0.0279],
          [-0.0570,  0.0998,  0.0885]],

         ...,

         [[ 0.0145, -0.0830, -0.0852],
          [ 0.0445,  0.0893, -0.0865],
          [ 0.0330, -0.0831,  0.0066]],

         [[ 0.0951,  0.0821, -0.0666],
          [ 0.0586,  0.0507,  0.0028],
          [ 0.0934, -0.0504, -0.0282]],

         [[-0.0473,  0.0165,  0.0224],
          [ 0.0203, -0.0509, -0.0449],
          [ 0.0515, -0.0792, -0.0080]]],


        [[[ 0.0119, -0.0305,  0.0451],
          [ 0.0180,  0.0901,  0.0014],
          [-0.0593,  0.0776,  0.0201]],

         [[-0.0129, -0.0542,  0.0346],
          [-0.0863,  0.0469,  0.0658],
          [-0.0819, -0.0628, -0.0673]],

         [[ 0.1074,  0.1065,  0.0182],
          [ 0.1145, -0.0144, -0.0872],
          [ 0.0487,  0.0448,  0.1130]],

         ...,

         [[-0.0509, -0.0321,  0.0012],
          [-0.0694,  0.0060, -0.0103],
          [ 0.0321,  0.0147,  0.0675]],

         [[-0.0026, -0.0748,  0.0485],
          [-0.0754, -0.0173, -0.0376],
          [-0.0489, -0.0494,  0.0854]],

         [[ 0.0807,  0.0482,  0.1166],
          [-0.0667,  0.0450,  0.0944],
          [ 0.1088, -0.0454,  0.0751]]]], device='cuda:0')

----------------------input_conv.bias----------------------
tensor([-0.0222,  0.0163,  0.0092, -0.0644, -0.0686, -0.0320,  0.0495,  0.0809,
        -0.0182, -0.0094,  0.0381, -0.0440,  0.0978,  0.1192,  0.0343, -0.0650],
       device='cuda:0')

----------------------body.0.weight----------------------
tensor([[[[ 2.0923e-02,  4.0182e-02,  6.8793e-02],
          [-4.3137e-02, -6.7176e-02,  4.3666e-02],
          [-8.6533e-04, -2.8595e-02, -2.9419e-02]],

         [[-6.6037e-02,  4.2486e-02, -3.6640e-02],
          [ 3.6151e-02,  4.9826e-02, -1.3565e-02],
          [-9.9834e-03, -3.5003e-02,  2.6231e-02]],

         [[-7.3655e-02,  4.3864e-02,  1.7791e-03],
          [ 4.4580e-02,  2.1333e-02,  7.5379e-05],
          [-7.2891e-03,  6.2314e-02, -3.7258e-02]],

         ...,

         [[-5.5749e-02,  1.0602e-02, -1.4241e-02],
          [-4.4871e-02,  2.3096e-02, -7.0746e-03],
          [-2.5727e-02, -5.7930e-02, -2.6701e-02]],

         [[-5.5405e-02,  4.5112e-02,  2.5666e-02],
          [ 6.1443e-02,  2.8028e-02,  2.8700e-02],
          [ 2.9535e-02,  8.0195e-02, -2.2921e-02]],

         [[ 6.1427e-02,  3.8639e-02, -4.2595e-02],
          [ 4.1187e-02, -2.9729e-02, -1.0848e-02],
          [-2.8388e-02, -3.9047e-02,  8.1532e-02]]],


        [[[-5.4273e-02,  5.9325e-02, -6.4646e-02],
          [ 1.6269e-02,  2.7604e-02,  7.2952e-02],
          [-1.5273e-02,  4.0848e-02,  2.4140e-02]],

         [[ 4.3842e-02,  8.3430e-03,  6.6218e-02],
          [-3.3790e-02, -4.3442e-02,  1.2091e-01],
          [-5.2027e-03,  3.4229e-02,  5.6644e-02]],

         [[ 1.1069e-01,  5.1970e-03, -4.9583e-02],
          [ 1.5065e-02,  7.9788e-02,  5.6540e-02],
          [ 9.7406e-02,  2.6032e-02,  7.4601e-02]],

         ...,

         [[-2.9490e-04,  8.2366e-02,  9.8715e-03],
          [ 2.3291e-02,  7.2965e-02, -3.4547e-02],
          [-4.6813e-02, -1.2207e-02,  9.4734e-02]],

         [[ 7.0130e-02, -4.9290e-02,  1.6565e-02],
          [-3.1509e-02, -2.5895e-02,  7.5813e-02],
          [ 4.1853e-02, -1.7515e-02,  1.0234e-02]],

         [[ 1.9563e-02,  2.0003e-02, -3.5693e-02],
          [-4.1899e-02,  5.9183e-02,  6.3534e-03],
          [ 4.1531e-02, -2.6647e-02,  3.9876e-02]]],


        [[[ 6.7254e-02,  7.7381e-02,  3.0783e-02],
          [ 9.0581e-02,  6.0439e-03,  1.1173e-02],
          [ 7.0657e-02,  5.8484e-02, -4.4880e-02]],

         [[ 5.0387e-02,  4.8785e-03, -3.0034e-02],
          [ 5.4513e-02, -6.5094e-02,  3.9658e-02],
          [ 8.0799e-02, -5.5161e-02, -4.3927e-02]],

         [[-4.8870e-02,  1.2472e-02, -5.9480e-02],
          [-5.3034e-03,  3.7381e-02,  7.6383e-02],
          [ 4.3450e-02,  4.7504e-02,  3.4341e-02]],

         ...,

         [[-6.4027e-02,  3.3328e-02,  7.9955e-02],
          [-8.9899e-02,  4.7683e-02,  1.3450e-02],
          [ 3.1499e-03,  6.8930e-02,  7.5550e-02]],

         [[ 4.7828e-02,  7.2259e-02,  4.3561e-02],
          [ 1.7479e-02, -7.8473e-02,  1.2102e-02],
          [-6.9490e-02,  9.7807e-03,  4.8733e-04]],

         [[ 3.5145e-03, -5.0105e-02, -4.9750e-02],
          [ 6.8248e-02,  4.9721e-02,  3.7854e-02],
          [-2.9732e-02, -2.0784e-02, -2.9422e-02]]],


        ...,


        [[[ 8.7437e-02, -4.5561e-02,  9.9027e-02],
          [-6.5630e-02,  4.5084e-03, -1.2560e-02],
          [-5.8331e-02,  3.4238e-02,  5.6196e-02]],

         [[-6.2380e-02, -6.7785e-02,  1.0200e-02],
          [-5.8237e-03,  3.4396e-03,  2.2725e-02],
          [-7.4437e-03, -3.9064e-02,  2.9801e-02]],

         [[-3.2585e-02, -2.8281e-02, -9.8753e-03],
          [-4.2781e-02,  1.1359e-01,  6.5694e-02],
          [ 2.0830e-02,  2.5257e-02, -2.5521e-02]],

         ...,

         [[ 7.5297e-02,  5.6973e-02,  3.8614e-03],
          [-4.5258e-02, -7.6296e-02,  7.8958e-02],
          [-3.5101e-02, -1.0173e-02, -5.7752e-02]],

         [[-5.4328e-02,  4.3571e-02,  7.1829e-03],
          [ 6.5545e-03,  1.7828e-02,  2.6752e-02],
          [-2.6068e-02,  3.5370e-03,  4.7384e-02]],

         [[ 6.0050e-02,  8.1009e-02, -6.0760e-02],
          [-6.9808e-02,  2.8202e-03,  3.3739e-03],
          [ 4.0641e-02,  8.7453e-02,  3.0435e-02]]],


        [[[-4.5891e-02,  7.8757e-03,  6.4475e-02],
          [ 3.3867e-02, -4.6401e-02,  1.5475e-02],
          [-8.4771e-02, -2.5826e-02,  6.0214e-02]],

         [[-6.2823e-02,  6.9481e-03, -1.0102e-01],
          [ 5.6393e-02,  6.8067e-03,  2.3714e-02],
          [ 4.2579e-02,  1.0774e-02, -2.8173e-02]],

         [[-2.8573e-02, -2.8314e-02,  1.0076e-01],
          [-1.5870e-02,  3.2234e-02, -4.6726e-02],
          [ 3.2531e-02, -6.8689e-03, -4.0635e-02]],

         ...,

         [[ 2.0930e-02,  1.5247e-02, -7.2504e-02],
          [-2.8438e-02,  2.3806e-02,  1.8112e-03],
          [-5.5708e-03, -2.2940e-02,  1.1740e-01]],

         [[-4.5976e-02, -3.4865e-02,  8.5626e-02],
          [-3.5671e-02,  7.6481e-02, -2.2399e-02],
          [-1.4819e-03, -2.2767e-02,  8.3260e-02]],

         [[ 7.5170e-02,  2.7396e-02,  1.8637e-02],
          [-1.5327e-02, -2.2882e-02, -1.2559e-02],
          [ 3.7818e-02,  2.2507e-03,  6.7703e-02]]],


        [[[ 1.1961e-02, -8.0411e-05, -5.8226e-02],
          [ 3.3083e-02, -6.8826e-02,  1.0448e-02],
          [ 1.7010e-02,  3.1108e-03,  3.8052e-02]],

         [[ 3.7153e-03, -3.8937e-02, -6.6559e-02],
          [-8.1472e-02,  3.1975e-02,  4.0465e-02],
          [-5.9587e-02,  2.5045e-02, -2.3696e-02]],

         [[ 7.2356e-02, -1.7623e-02,  6.8038e-02],
          [ 7.7624e-02,  7.0967e-02,  6.4226e-02],
          [ 2.7580e-02,  3.6815e-02, -6.2180e-02]],

         ...,

         [[-2.5365e-02, -5.0083e-02,  2.9295e-02],
          [ 3.3550e-02, -1.3473e-02,  6.1889e-02],
          [-2.3625e-04, -2.7383e-02, -6.8121e-02]],

         [[ 4.0276e-02, -6.5335e-02,  4.2694e-04],
          [ 1.9580e-02, -3.6168e-02,  2.3396e-02],
          [ 1.1935e-02,  5.1270e-02,  4.2110e-02]],

         [[-6.0923e-02, -5.9702e-02, -3.6564e-02],
          [-5.0048e-02,  3.7051e-02, -5.4239e-02],
          [-5.3771e-02,  3.3022e-02,  4.8872e-02]]]], device='cuda:0')

----------------------body.0.bias----------------------
tensor([-0.0125, -0.0545,  0.0104,  0.0562,  0.0864,  0.0340,  0.0605, -0.0813,
         0.0902, -0.0150, -0.0504,  0.0813,  0.0062,  0.0536, -0.0195,  0.0708],
       device='cuda:0')

----------------------feature_head.weight----------------------
tensor([[[[ 0.0620,  0.0086,  0.0487],
          [-0.0777, -0.0364,  0.0051],
          [ 0.0202, -0.0718,  0.0237]],

         [[-0.0356, -0.0513,  0.0077],
          [-0.0744, -0.0819,  0.0213],
          [ 0.0142,  0.0199, -0.0232]],

         [[-0.0925, -0.0971,  0.0489],
          [-0.1001,  0.0003,  0.0429],
          [ 0.0316, -0.0811, -0.0542]],

         [[-0.0953,  0.0236, -0.1068],
          [-0.1001, -0.0788,  0.0445],
          [ 0.0329,  0.0355,  0.0433]],

         [[-0.0429, -0.0507, -0.0565],
          [ 0.0243,  0.0290,  0.0127],
          [-0.0669,  0.0044, -0.0485]],

         [[-0.0553, -0.0501, -0.0319],
          [-0.1134,  0.0334, -0.0713],
          [-0.0200,  0.0138, -0.0076]],

         [[ 0.0209,  0.0108,  0.0243],
          [-0.0165,  0.0206, -0.0692],
          [-0.0807,  0.0053, -0.0128]],

         [[-0.0070, -0.0735,  0.0237],
          [ 0.0563, -0.0082,  0.0191],
          [ 0.0393, -0.0841, -0.0172]],

         [[-0.0669, -0.0784,  0.0140],
          [ 0.0516, -0.0174,  0.0196],
          [-0.0940, -0.0170, -0.0436]],

         [[-0.0571,  0.0114,  0.0186],
          [-0.0092,  0.0305,  0.0331],
          [ 0.0662, -0.0042, -0.0076]],

         [[-0.0256, -0.0130, -0.0801],
          [-0.0307, -0.0902, -0.0797],
          [-0.0965,  0.0370, -0.0737]],

         [[-0.0071,  0.0077,  0.0703],
          [ 0.0334, -0.0652,  0.0736],
          [-0.0888, -0.0009,  0.0627]],

         [[ 0.0405, -0.0494, -0.0871],
          [ 0.0122,  0.0430, -0.0670],
          [-0.0414, -0.0752,  0.0067]],

         [[-0.0223,  0.0003, -0.0706],
          [-0.1160, -0.0710, -0.1026],
          [-0.0606, -0.0105, -0.1113]],

         [[-0.0212, -0.1000, -0.0788],
          [-0.0696, -0.0412, -0.0580],
          [-0.0013,  0.0359,  0.0449]],

         [[-0.0115, -0.0365, -0.0507],
          [ 0.0149, -0.0869,  0.0214],
          [-0.1290, -0.1090, -0.0238]]]], device='cuda:0')

----------------------feature_head.bias----------------------
tensor([-0.0648], device='cuda:0')

----------------------colour_head.0.weight----------------------
tensor([[[[-4.4702e-03,  6.7089e-02,  2.4625e-02],
          [ 6.6514e-02, -4.1406e-02, -5.6021e-02],
          [-2.8052e-02, -3.3536e-02, -6.0958e-02]],

         [[ 1.2294e-02,  1.0055e-01, -1.6410e-02],
          [ 5.9746e-02,  5.9785e-02,  7.2674e-02],
          [ 2.5073e-02, -2.4229e-02,  4.6760e-02]],

         [[-3.8650e-02, -4.3178e-02,  8.6014e-02],
          [ 6.9169e-02, -4.8565e-02,  7.9054e-02],
          [ 1.0417e-02,  2.3165e-02,  8.5089e-02]],

         [[-6.4157e-03, -2.8101e-02,  5.1721e-02],
          [-1.8096e-02, -1.8751e-02, -3.0872e-02],
          [ 8.8202e-02,  4.6060e-02, -8.7980e-03]],

         [[-7.4825e-03,  2.2760e-03, -4.9061e-02],
          [ 1.3060e-02, -7.4911e-02, -1.0412e-02],
          [-2.4082e-02, -4.0556e-02,  7.2071e-02]],

         [[ 2.2612e-02,  5.1887e-02, -4.1289e-02],
          [ 2.0460e-02,  4.0060e-02,  6.1225e-02],
          [-2.6891e-02, -1.0890e-02, -5.7503e-02]],

         [[ 4.5451e-02,  5.6722e-02,  4.2854e-02],
          [ 3.8656e-02,  5.6099e-02,  8.4124e-02],
          [ 2.4917e-02,  3.3107e-02,  2.6743e-02]],

         [[-4.3316e-02,  2.8465e-02,  3.3593e-02],
          [-6.1484e-02, -1.5567e-02, -4.4507e-02],
          [-4.7836e-02,  6.4775e-02,  6.7769e-02]],

         [[-2.6376e-02,  1.4441e-02, -3.4556e-02],
          [ 6.6306e-03, -2.3221e-02, -5.6688e-02],
          [-4.9073e-02,  7.0396e-02, -5.9075e-03]],

         [[-4.4649e-02,  1.7442e-02, -7.5167e-02],
          [-1.2987e-03,  6.7374e-02,  1.2038e-02],
          [ 1.3213e-02, -7.9887e-02, -1.8397e-02]],

         [[ 7.2544e-02, -3.4117e-02, -1.7908e-02],
          [ 8.5517e-02,  5.8254e-02,  6.3242e-02],
          [-5.5211e-02,  7.7012e-02, -2.8717e-03]],

         [[ 2.3550e-02,  7.1630e-02, -7.4614e-02],
          [ 2.5729e-02, -7.8781e-02,  5.5602e-02],
          [ 2.2925e-02, -8.2627e-04, -4.5543e-02]],

         [[ 3.2531e-02, -2.8504e-02,  3.6037e-02],
          [ 8.2456e-02, -3.2754e-02,  3.8072e-03],
          [ 2.7955e-02,  3.4544e-02,  2.1464e-02]],

         [[ 6.6415e-02, -1.5199e-02,  2.1452e-02],
          [ 4.8036e-02, -7.7809e-04,  5.6324e-02],
          [ 5.1731e-02,  4.0438e-02, -2.9689e-02]],

         [[ 6.1415e-02, -5.5124e-02,  1.6017e-02],
          [ 2.0036e-02,  5.7106e-02, -7.7612e-02],
          [ 1.7407e-02, -5.2771e-02,  2.9624e-02]],

         [[ 1.9849e-02, -6.0064e-02, -3.2954e-03],
          [ 1.8873e-02,  3.7597e-02,  7.6266e-02],
          [ 2.6660e-02,  4.6014e-03,  3.5456e-02]]],


        [[[-7.3142e-02,  6.3202e-02, -1.6240e-02],
          [ 5.0630e-02,  2.9621e-02, -1.3447e-02],
          [ 5.6214e-02, -5.2306e-02,  1.0266e-02]],

         [[ 5.4062e-02, -8.2542e-03,  4.8782e-02],
          [-5.8683e-02, -1.2861e-02,  6.8266e-02],
          [ 6.6442e-02, -5.2998e-02,  5.4761e-02]],

         [[ 2.6010e-02,  1.0150e-01, -6.5213e-02],
          [ 7.3133e-04, -2.1538e-02, -3.1006e-02],
          [-1.3724e-04, -5.6749e-02,  8.2071e-02]],

         [[-1.1561e-02,  4.6125e-02, -3.2821e-02],
          [ 2.1509e-02, -4.3242e-02,  7.7684e-02],
          [ 9.1879e-02,  8.3544e-02, -1.6896e-02]],

         [[ 4.6994e-02, -7.1077e-02,  4.0916e-02],
          [-8.2806e-03, -6.6663e-02, -6.0093e-02],
          [-6.5262e-02,  2.8939e-02, -1.4084e-02]],

         [[-2.6747e-02,  9.8067e-02, -9.2690e-03],
          [ 4.4612e-02,  1.1188e-02,  7.1730e-02],
          [ 2.7775e-02,  6.3516e-02,  3.2554e-02]],

         [[ 5.7694e-03,  9.6735e-02,  1.3859e-02],
          [-2.8226e-02,  5.0362e-02,  9.2975e-03],
          [-3.9824e-02,  3.4299e-02, -5.1755e-03]],

         [[-2.8462e-02, -3.3743e-02, -2.9180e-02],
          [-2.9770e-02,  1.4423e-02,  8.4336e-02],
          [-4.4938e-02, -3.3293e-02, -5.3114e-02]],

         [[ 2.1562e-02,  2.7964e-02, -4.3962e-02],
          [ 6.3912e-02, -5.4367e-02,  8.7552e-02],
          [ 3.6458e-02,  8.0256e-03, -2.2888e-02]],

         [[ 1.7910e-02,  4.3963e-02, -7.1917e-02],
          [-2.5878e-02,  5.8451e-02, -2.1272e-02],
          [-5.5970e-02, -2.0559e-02,  7.6249e-03]],

         [[ 7.1883e-03, -3.9186e-02, -4.7241e-02],
          [ 4.9542e-02,  8.1962e-02,  8.3332e-02],
          [ 1.0482e-02,  4.7979e-02, -6.3478e-02]],

         [[ 4.2806e-02,  7.5247e-02,  3.8188e-02],
          [-2.8302e-02,  6.7557e-02, -7.7555e-02],
          [ 2.1233e-03, -1.4597e-02, -7.5641e-02]],

         [[-1.7325e-02, -2.9117e-02,  4.7252e-02],
          [ 3.2406e-02,  8.4066e-02,  1.5677e-02],
          [ 1.0405e-01,  4.8234e-02,  9.8669e-02]],

         [[ 8.5047e-02, -5.2365e-02, -4.7149e-02],
          [ 7.3409e-02,  1.0448e-01, -6.3195e-02],
          [ 1.7792e-02, -1.6030e-02,  7.6422e-02]],

         [[ 8.0178e-02,  6.9521e-02,  4.8739e-02],
          [ 1.8846e-02,  9.5404e-02, -3.3925e-02],
          [ 3.1540e-02, -3.1479e-03, -5.6226e-02]],

         [[-1.1806e-02,  5.3842e-02,  1.7523e-02],
          [-2.6829e-02,  2.4797e-02,  4.0628e-02],
          [-3.8615e-02,  6.7017e-02, -5.2789e-02]]],


        [[[ 1.8854e-02, -3.9786e-02, -6.0115e-02],
          [ 8.4831e-03,  9.9322e-02,  8.9699e-02],
          [ 3.8570e-02,  7.3593e-02, -4.2555e-02]],

         [[ 5.8920e-02,  6.7280e-02, -6.3673e-02],
          [-5.3881e-02,  5.0478e-02,  2.2082e-02],
          [-5.7089e-02, -6.5542e-02,  6.2876e-02]],

         [[ 1.4486e-02,  1.4093e-02, -6.6104e-02],
          [ 8.3775e-02, -3.3037e-02,  5.7113e-02],
          [-6.7029e-03,  1.4493e-02,  5.3680e-02]],

         [[-1.3107e-02, -1.6171e-02,  7.3724e-02],
          [-4.4934e-02,  5.1469e-02, -9.3141e-03],
          [-4.6815e-03,  7.6097e-02,  2.8887e-02]],

         [[-7.0346e-02,  8.2326e-02, -3.1743e-02],
          [ 7.4256e-02, -2.4999e-02,  8.4214e-02],
          [ 2.7935e-02, -1.3673e-03,  3.5059e-02]],

         [[-7.2376e-03, -3.6316e-02,  5.1539e-02],
          [ 5.5290e-02,  3.0919e-05,  8.8691e-02],
          [-4.8611e-03, -4.6835e-02, -4.4063e-02]],

         [[ 6.5353e-02, -1.8620e-02,  6.6854e-02],
          [-6.6691e-02,  2.4582e-02, -3.8651e-02],
          [ 4.3659e-02,  8.6072e-02,  4.5502e-02]],

         [[-2.5334e-02, -7.0889e-02, -3.2473e-02],
          [-4.4476e-02,  8.6284e-02, -4.2149e-02],
          [ 3.1339e-02,  6.7320e-02,  2.6270e-02]],

         [[-4.7510e-02,  1.8169e-02, -3.3939e-03],
          [ 8.5224e-02,  2.3900e-02,  1.9699e-02],
          [ 1.0283e-01,  4.8783e-02,  5.9077e-02]],

         [[-3.1683e-02,  5.1760e-02,  6.2042e-03],
          [-2.4637e-02,  9.7495e-03, -7.5298e-02],
          [-1.1213e-02,  2.4563e-02, -9.3408e-02]],

         [[-3.2202e-02,  6.4483e-02,  4.9498e-03],
          [ 1.6764e-02,  3.0682e-02, -2.9206e-02],
          [ 7.7940e-02,  2.6225e-03, -3.0250e-02]],

         [[ 5.7936e-02, -5.9847e-02, -1.0061e-02],
          [ 1.6387e-02, -2.4678e-02,  4.3590e-02],
          [-6.8427e-02, -2.8501e-02, -4.1852e-02]],

         [[ 8.9672e-02,  5.4973e-02, -4.2076e-02],
          [ 5.4776e-02,  3.3150e-02,  1.0615e-01],
          [ 6.3448e-02, -2.2226e-02,  9.6562e-02]],

         [[-5.0633e-04,  1.1663e-03,  3.5956e-02],
          [ 1.0662e-01,  5.6443e-02, -6.4689e-02],
          [-1.1066e-02,  9.5848e-02, -2.3777e-02]],

         [[-2.7718e-02, -5.2546e-02, -3.7381e-02],
          [-2.3644e-02,  3.8256e-02,  3.8721e-02],
          [ 9.5175e-02,  6.5273e-02,  1.2244e-03]],

         [[ 6.0187e-02,  7.3681e-02, -4.9813e-02],
          [ 5.8388e-02, -3.3000e-02,  8.5550e-02],
          [-3.0556e-02,  2.2357e-02,  9.5081e-03]]]], device='cuda:0')

----------------------colour_head.0.bias----------------------
tensor([ 0.0285,  0.0212, -0.0451], device='cuda:0')

----------------------blending_mask_head.0.weight----------------------
tensor([[[[ 0.0499,  0.0705, -0.0312],
          [-0.0396, -0.0393, -0.0327],
          [-0.0038,  0.0116, -0.0004]],

         [[ 0.0132,  0.0882,  0.0377],
          [-0.0148,  0.0143, -0.0158],
          [-0.0034, -0.0521,  0.0407]],

         [[-0.0527,  0.0482,  0.0730],
          [-0.0490, -0.0243, -0.0467],
          [ 0.0301,  0.0301, -0.0277]],

         [[ 0.0609,  0.0451, -0.0640],
          [ 0.0108, -0.0235, -0.0029],
          [ 0.0648,  0.0075, -0.0444]],

         [[ 0.1422,  0.0088,  0.0562],
          [ 0.1134,  0.1548,  0.1625],
          [ 0.0610,  0.1086,  0.0069]],

         [[-0.0047, -0.0086,  0.0423],
          [-0.0412,  0.0383,  0.0634],
          [ 0.0723, -0.0013,  0.0919]],

         [[-0.0631, -0.0070,  0.0478],
          [ 0.0386,  0.0594, -0.0376],
          [ 0.0686, -0.0591, -0.0423]],

         [[-0.0057, -0.0783, -0.0768],
          [-0.0653,  0.0764,  0.0182],
          [-0.0294, -0.0044, -0.0867]],

         [[-0.0562, -0.0351, -0.0622],
          [ 0.0803, -0.0051, -0.0034],
          [-0.0492,  0.0357,  0.0030]],

         [[ 0.0246,  0.1374,  0.1503],
          [ 0.0210,  0.1294,  0.0646],
          [ 0.0737,  0.1113,  0.0573]],

         [[ 0.0875,  0.0686, -0.0420],
          [-0.0325, -0.0616,  0.0393],
          [-0.0503, -0.0563, -0.0462]],

         [[ 0.0192,  0.0310,  0.1682],
          [ 0.1441,  0.1666,  0.0488],
          [ 0.0583,  0.0566,  0.0848]],

         [[-0.0352,  0.0400, -0.0261],
          [ 0.0415,  0.1118,  0.0451],
          [ 0.0852, -0.0299,  0.0135]],

         [[-0.0355,  0.0079, -0.0222],
          [-0.0262, -0.0569, -0.0196],
          [ 0.0273,  0.0010, -0.0728]],

         [[ 0.0742,  0.0726, -0.0389],
          [ 0.0259,  0.0684, -0.0715],
          [-0.0607,  0.0542, -0.0009]],

         [[ 0.0452, -0.0094,  0.0354],
          [ 0.0733,  0.0023, -0.0073],
          [-0.0683, -0.0034,  0.0648]]]], device='cuda:0')

----------------------blending_mask_head.0.bias----------------------
tensor([-0.0099], device='cuda:0')
