
----------------------input_conv.weight----------------------
tensor([[[[ 0.1176,  0.1167,  0.0008],
          [ 0.1399,  0.0424,  0.0606],
          [-0.0006,  0.1216,  0.1245]],

         [[-0.0485,  0.1106,  0.0359],
          [ 0.1096,  0.0672,  0.0805],
          [ 0.0227,  0.1268,  0.0375]],

         [[-0.0312,  0.0371, -0.0383],
          [ 0.0036, -0.0029,  0.0884],
          [-0.0621, -0.0180, -0.0201]],

         ...,

         [[-0.0328,  0.0474,  0.0004],
          [ 0.1015, -0.0375, -0.0360],
          [-0.0549,  0.1069,  0.0500]],

         [[ 0.0972, -0.0795, -0.0882],
          [-0.0775, -0.0554,  0.0616],
          [ 0.0335,  0.0877, -0.0490]],

         [[-0.0226,  0.0804, -0.0256],
          [ 0.0948, -0.0031,  0.0636],
          [-0.0562, -0.0310,  0.0450]]],


        [[[ 0.0562, -0.0298, -0.0702],
          [ 0.0427, -0.1137, -0.0872],
          [ 0.1913,  0.0255,  0.0268]],

         [[-0.1616, -0.1727, -0.1731],
          [-0.1247, -0.2042, -0.0945],
          [-0.0410, -0.1025, -0.0568]],

         [[-0.0452, -0.0973, -0.0258],
          [-0.0632, -0.0967, -0.1972],
          [ 0.0380,  0.0244,  0.0809]],

         ...,

         [[-0.0382,  0.1150, -0.0786],
          [ 0.0689,  0.0491,  0.0357],
          [-0.0475,  0.1178,  0.0390]],

         [[ 0.0418, -0.0879,  0.0244],
          [-0.0103, -0.0428,  0.0778],
          [ 0.0335, -0.0409, -0.0484]],

         [[ 0.0380,  0.0975,  0.0534],
          [-0.0224, -0.0022, -0.0038],
          [ 0.0711,  0.1068, -0.0341]]],


        [[[ 0.0348,  0.0781,  0.0468],
          [-0.0177,  0.0982,  0.0926],
          [ 0.0470,  0.0032, -0.0131]],

         [[ 0.0240,  0.0060, -0.0037],
          [ 0.0864,  0.1309,  0.0256],
          [-0.0161,  0.0218,  0.0069]],

         [[ 0.0392,  0.0562, -0.0670],
          [-0.0198,  0.1290,  0.0779],
          [ 0.0006, -0.0448, -0.0524]],

         ...,

         [[-0.0462, -0.0042, -0.0574],
          [-0.0616,  0.0436, -0.0198],
          [ 0.0536, -0.0434, -0.0811]],

         [[-0.0156, -0.0484, -0.0277],
          [-0.1070,  0.0528, -0.0758],
          [ 0.0261,  0.0230,  0.0565]],

         [[-0.0719,  0.0767, -0.0446],
          [ 0.0469,  0.1021,  0.0007],
          [ 0.0097, -0.0142, -0.0662]]],


        ...,


        [[[-0.0022, -0.1056, -0.0409],
          [-0.0067,  0.0131,  0.0388],
          [ 0.0295, -0.0223,  0.0953]],

         [[-0.0622, -0.1360, -0.0567],
          [-0.1440, -0.2043, -0.0528],
          [-0.0955, -0.0843, -0.0371]],

         [[ 0.0183, -0.0328, -0.0773],
          [ 0.0612, -0.0146, -0.1159],
          [-0.0793, -0.1149, -0.0146]],

         ...,

         [[ 0.0392,  0.0755, -0.0514],
          [-0.0220,  0.0284,  0.0176],
          [ 0.0846, -0.0612, -0.0095]],

         [[ 0.0209, -0.0388,  0.0595],
          [ 0.0163, -0.0969, -0.0069],
          [-0.0462,  0.0045, -0.0191]],

         [[-0.1066, -0.0092,  0.0061],
          [-0.0310,  0.1002, -0.0113],
          [ 0.0822,  0.0490, -0.0528]]],


        [[[ 0.0545,  0.1216, -0.0475],
          [-0.0505,  0.1441,  0.1092],
          [-0.0380,  0.1006,  0.0024]],

         [[-0.0687,  0.0466,  0.0594],
          [-0.0100,  0.0797, -0.0637],
          [ 0.0950,  0.1256,  0.0734]],

         [[ 0.0579,  0.0790, -0.0435],
          [-0.0033,  0.0338, -0.0291],
          [-0.0591,  0.1004,  0.0853]],

         ...,

         [[ 0.0086, -0.0788, -0.0783],
          [ 0.0419,  0.0967, -0.0761],
          [ 0.0319, -0.0740,  0.0190]],

         [[ 0.0802,  0.0773, -0.0668],
          [ 0.0456,  0.0483,  0.0043],
          [ 0.0805, -0.0526, -0.0261]],

         [[-0.0330,  0.0304,  0.0321],
          [ 0.0279, -0.0480, -0.0340],
          [ 0.0547, -0.0843, -0.0017]]],


        [[[ 0.0198, -0.0307,  0.0336],
          [ 0.0335,  0.1132,  0.0192],
          [-0.0555,  0.0765,  0.0247]],

         [[-0.0087, -0.0583,  0.0196],
          [-0.0739,  0.0667,  0.0801],
          [-0.0813, -0.0674, -0.0671]],

         [[ 0.1205,  0.1112,  0.0132],
          [ 0.1345,  0.0163, -0.0640],
          [ 0.0550,  0.0461,  0.1179]],

         ...,

         [[-0.0402, -0.0319, -0.0075],
          [-0.0523,  0.0130, -0.0111],
          [ 0.0423,  0.0183,  0.0672]],

         [[ 0.0017, -0.0804,  0.0335],
          [-0.0648, -0.0170, -0.0451],
          [-0.0457, -0.0520,  0.0795]],

         [[ 0.0163, -0.0107,  0.0593],
          [-0.1327, -0.0199,  0.0318],
          [ 0.0311, -0.0954,  0.0101]]]], device='cuda:0')

----------------------input_conv.bias----------------------
tensor([-0.0051,  0.0946,  0.0136, -0.0230, -0.0636, -0.0092,  0.0717,  0.0911,
        -0.0060,  0.0582,  0.0706, -0.0357,  0.1219,  0.1631,  0.0435, -0.0706],
       device='cuda:0')

----------------------body.0.weight----------------------
tensor([[[[ 0.0187,  0.0438,  0.0644],
          [-0.0488, -0.0691,  0.0408],
          [-0.0087, -0.0339, -0.0288]],

         [[-0.1066, -0.0381, -0.1065],
          [-0.0842, -0.0293, -0.0841],
          [ 0.0346,  0.0879,  0.0936]],

         [[-0.0776,  0.0370, -0.0027],
          [ 0.0406,  0.0251,  0.0109],
          [-0.0142,  0.0609, -0.0385]],

         ...,

         [[-0.0975, -0.0099, -0.0307],
          [-0.0965, -0.0286, -0.0464],
          [-0.1045, -0.1300, -0.0940]],

         [[-0.0526,  0.0462,  0.0221],
          [ 0.0560,  0.0202,  0.0220],
          [ 0.0224,  0.0696, -0.0285]],

         [[ 0.0690,  0.0492, -0.0405],
          [ 0.0368, -0.0269, -0.0132],
          [-0.0392, -0.0431,  0.0767]]],


        [[[-0.0518,  0.0636, -0.0497],
          [ 0.0193,  0.0331,  0.0824],
          [-0.0173,  0.0496,  0.0349]],

         [[ 0.0144, -0.0260,  0.0612],
          [-0.0625, -0.0928,  0.0870],
          [-0.0085,  0.0119,  0.0316]],

         [[ 0.0883, -0.0135, -0.0572],
          [-0.0148,  0.0651,  0.0448],
          [ 0.0686,  0.0230,  0.0694]],

         ...,

         [[-0.0068,  0.0680,  0.0157],
          [ 0.0174,  0.0576, -0.0429],
          [-0.0494, -0.0152,  0.0928]],

         [[ 0.0701, -0.0465,  0.0243],
          [-0.0365, -0.0214,  0.0859],
          [ 0.0334, -0.0121,  0.0210]],

         [[ 0.0166,  0.0265, -0.0238],
          [-0.0527,  0.0547,  0.0130],
          [ 0.0235, -0.0335,  0.0427]]],


        [[[ 0.0571,  0.0776,  0.0324],
          [ 0.1045,  0.0095,  0.0071],
          [ 0.0820,  0.0585, -0.0285]],

         [[ 0.0370,  0.0053, -0.0389],
          [ 0.0500, -0.0683,  0.0297],
          [ 0.0769, -0.0463, -0.0414]],

         [[-0.0548, -0.0047, -0.0827],
          [-0.0062,  0.0207,  0.0704],
          [ 0.0381,  0.0447,  0.0312]],

         ...,

         [[-0.0599,  0.0353,  0.0907],
          [-0.0860,  0.0513,  0.0277],
          [ 0.0106,  0.0780,  0.0866]],

         [[ 0.0492,  0.0765,  0.0513],
          [ 0.0298, -0.0730,  0.0209],
          [-0.0557,  0.0165,  0.0145]],

         [[-0.0050, -0.0450, -0.0396],
          [ 0.0636,  0.0456,  0.0305],
          [-0.0345, -0.0320, -0.0303]]],


        ...,


        [[[ 0.0846, -0.0480,  0.0896],
          [-0.0652,  0.0055, -0.0150],
          [-0.0602,  0.0396,  0.0606]],

         [[-0.0716, -0.0789,  0.0036],
          [-0.0091, -0.0055,  0.0142],
          [ 0.0046, -0.0287,  0.0382]],

         [[-0.0493, -0.0419, -0.0302],
          [-0.0583,  0.0999,  0.0573],
          [ 0.0087,  0.0144, -0.0307]],

         ...,

         [[ 0.0637,  0.0462, -0.0070],
          [-0.0530, -0.0848,  0.0706],
          [-0.0332, -0.0167, -0.0647]],

         [[-0.0508,  0.0484,  0.0072],
          [ 0.0116,  0.0208,  0.0277],
          [-0.0202,  0.0079,  0.0541]],

         [[ 0.0549,  0.0813, -0.0615],
          [-0.0792, -0.0026, -0.0062],
          [ 0.0232,  0.0759,  0.0196]]],


        [[[-0.0486,  0.0037,  0.0583],
          [ 0.0273, -0.0511,  0.0249],
          [-0.0907, -0.0149,  0.0739]],

         [[-0.0701, -0.0087, -0.1177],
          [ 0.0488,  0.0007,  0.0171],
          [ 0.0373,  0.0048, -0.0311]],

         [[-0.0324, -0.0313,  0.1028],
          [-0.0259,  0.0312, -0.0419],
          [ 0.0256, -0.0105, -0.0310]],

         ...,

         [[ 0.0404,  0.0280, -0.0675],
          [-0.0046,  0.0371,  0.0010],
          [ 0.0193, -0.0117,  0.1207]],

         [[-0.0426, -0.0349,  0.0846],
          [-0.0364,  0.0737, -0.0171],
          [ 0.0006, -0.0233,  0.0872]],

         [[ 0.0723,  0.0324,  0.0223],
          [-0.0215, -0.0274, -0.0073],
          [ 0.0205, -0.0076,  0.0561]]],


        [[[ 0.0006, -0.0174, -0.0610],
          [ 0.0224, -0.0750, -0.0009],
          [ 0.0176,  0.0007,  0.0355]],

         [[-0.0088, -0.0411, -0.0612],
          [-0.0745,  0.0413,  0.0451],
          [-0.0317,  0.0528,  0.0002]],

         [[ 0.0501, -0.0315,  0.0505],
          [ 0.0735,  0.0612,  0.0431],
          [ 0.0247,  0.0324, -0.0597]],

         ...,

         [[-0.0226, -0.0447,  0.0396],
          [ 0.0455, -0.0002,  0.0788],
          [ 0.0120, -0.0090, -0.0475]],

         [[ 0.0382, -0.0645,  0.0002],
          [ 0.0164, -0.0363,  0.0228],
          [ 0.0149,  0.0517,  0.0469]],

         [[-0.0553, -0.0548, -0.0319],
          [-0.0538,  0.0301, -0.0582],
          [-0.0613,  0.0203,  0.0360]]]], device='cuda:0')

----------------------body.0.bias----------------------
tensor([-0.0241, -0.0706,  0.0141,  0.0603,  0.1115,  0.0430,  0.0637, -0.0491,
         0.0972,  0.0207, -0.0426,  0.1282,  0.0163,  0.0585, -0.0128,  0.0769],
       device='cuda:0')

----------------------feature_head.weight----------------------
tensor([[[[ 0.0790,  0.0252,  0.0672],
          [-0.0595, -0.0184,  0.0254],
          [ 0.0471, -0.0445,  0.0530]],

         [[-0.0274, -0.0445,  0.0163],
          [-0.0664, -0.0765,  0.0277],
          [ 0.0284,  0.0320, -0.0109]],

         [[-0.0609, -0.0669,  0.0797],
          [-0.0722,  0.0251,  0.0677],
          [ 0.0637, -0.0525, -0.0269]],

         [[-0.0666,  0.0523, -0.0782],
          [-0.0767, -0.0556,  0.0680],
          [ 0.0540,  0.0558,  0.0639]],

         [[-0.0389, -0.0465, -0.0512],
          [ 0.0275,  0.0324,  0.0173],
          [-0.0641,  0.0074, -0.0442]],

         [[-0.0164, -0.0129,  0.0041],
          [-0.0731,  0.0711, -0.0355],
          [ 0.0260,  0.0574,  0.0336]],

         [[ 0.0584,  0.0471,  0.0610],
          [ 0.0176,  0.0532, -0.0362],
          [-0.0449,  0.0398,  0.0219]],

         [[-0.0031, -0.0703,  0.0272],
          [ 0.0540, -0.0096,  0.0191],
          [ 0.0371, -0.0823, -0.0137]],

         [[-0.0309, -0.0426,  0.0509],
          [ 0.0826,  0.0133,  0.0519],
          [-0.0618,  0.0147, -0.0108]],

         [[-0.0514,  0.0171,  0.0265],
          [-0.0040,  0.0354,  0.0400],
          [ 0.0756,  0.0048,  0.0030]],

         [[-0.0012,  0.0115, -0.0540],
          [-0.0103, -0.0705, -0.0585],
          [-0.0710,  0.0618, -0.0479]],

         [[-0.0067,  0.0089,  0.0736],
          [ 0.0378, -0.0593,  0.0815],
          [-0.0789,  0.0108,  0.0761]],

         [[ 0.0723, -0.0193, -0.0556],
          [ 0.0366,  0.0642, -0.0444],
          [-0.0132, -0.0507,  0.0318]],

         [[ 0.0177,  0.0413, -0.0286],
          [-0.0804, -0.0351, -0.0652],
          [-0.0201,  0.0303, -0.0693]],

         [[-0.0039, -0.0815, -0.0591],
          [-0.0583, -0.0284, -0.0422],
          [ 0.0128,  0.0509,  0.0628]],

         [[ 0.0263, -0.0006, -0.0149],
          [ 0.0566, -0.0477,  0.0602],
          [-0.0802, -0.0622,  0.0221]]]], device='cuda:0')

----------------------feature_head.bias----------------------
tensor([-0.0343], device='cuda:0')

----------------------colour_head.0.weight----------------------
tensor([[[[-7.6253e-03,  7.7087e-02,  3.7861e-02],
          [ 6.9064e-02, -2.2968e-02, -3.8908e-02],
          [-2.0308e-02, -1.9459e-02, -4.8664e-02]],

         [[ 1.0746e-02,  1.1515e-01, -6.7871e-05],
          [ 5.0339e-02,  6.6129e-02,  7.4576e-02],
          [ 1.0315e-02, -3.9261e-02,  3.6248e-02]],

         [[-3.7694e-02, -4.1872e-02,  8.2786e-02],
          [ 5.7006e-02, -4.8586e-02,  8.5781e-02],
          [ 1.9727e-03,  1.9899e-02,  8.6641e-02]],

         [[-2.1981e-02, -4.4305e-02,  2.9748e-02],
          [-2.7489e-02, -2.5381e-02, -3.6272e-02],
          [ 8.2133e-02,  4.8593e-02, -9.9098e-03]],

         [[-1.8288e-03,  5.8193e-03, -4.2781e-02],
          [ 1.2890e-02, -7.7382e-02, -9.9488e-03],
          [-2.2667e-02, -3.6085e-02,  7.7760e-02]],

         [[-1.3223e-02,  5.0177e-02, -2.9865e-02],
          [ 3.0537e-03,  5.4788e-02,  7.5610e-02],
          [-5.5083e-02, -2.1007e-02, -6.4477e-02]],

         [[ 3.7454e-02,  4.8430e-02,  3.9304e-02],
          [ 2.8522e-02,  5.4445e-02,  8.2296e-02],
          [ 2.3432e-02,  3.1589e-02,  2.1196e-02]],

         [[-7.4544e-02, -3.5971e-02,  2.5088e-02],
          [-3.0959e-01, -1.8300e-01, -1.8099e-02],
          [-1.1170e-01, -2.6381e-04,  1.7699e-02]],

         [[-2.6558e-02,  1.7817e-02, -3.3442e-02],
          [ 8.8411e-03, -1.9629e-02, -5.0279e-02],
          [-4.8598e-02,  7.3334e-02, -7.3316e-03]],

         [[-4.2503e-02,  2.4165e-02, -6.8253e-02],
          [ 9.0310e-05,  7.1035e-02,  1.3758e-02],
          [ 1.4214e-02, -7.4862e-02, -1.5040e-02]],

         [[ 5.3266e-02, -4.2101e-02, -2.1140e-02],
          [ 8.2240e-02,  6.7090e-02,  5.6544e-02],
          [-5.1996e-02,  7.9320e-02, -1.2102e-02]],

         [[ 3.0419e-02,  8.0143e-02, -6.5521e-02],
          [ 3.0571e-02, -7.4417e-02,  5.7768e-02],
          [ 2.9262e-02,  4.5368e-03, -4.3494e-02]],

         [[ 1.5778e-02, -4.2198e-02,  2.7096e-02],
          [ 6.7236e-02, -2.4349e-02,  6.7404e-03],
          [ 2.2080e-02,  4.1062e-02,  2.7293e-02]],

         [[ 5.1229e-02, -1.7567e-02,  1.2438e-02],
          [ 4.6387e-02,  6.6276e-03,  4.6255e-02],
          [ 4.5302e-02,  3.9083e-02, -4.6210e-02]],

         [[ 3.8201e-02, -6.7249e-02,  5.4960e-03],
          [ 3.0500e-02,  6.4495e-02, -7.6254e-02],
          [ 2.5742e-02, -4.1186e-02,  3.2852e-02]],

         [[-1.1778e-02, -5.8555e-02, -6.2474e-03],
          [ 7.0325e-04,  3.3599e-02,  6.3413e-02],
          [ 5.0449e-03, -1.7887e-02,  7.4811e-03]]],


        [[[-6.5814e-02,  6.5580e-02, -1.5032e-02],
          [ 5.6412e-02,  3.7131e-02, -1.0430e-02],
          [ 6.1857e-02, -4.7629e-02,  1.1527e-02]],

         [[ 3.2799e-02, -1.8503e-02,  3.0804e-02],
          [-7.6762e-02, -1.4578e-02,  6.4037e-02],
          [ 3.9124e-02, -7.4424e-02,  4.1532e-02]],

         [[ 2.3626e-02,  9.4142e-02, -7.5667e-02],
          [-5.0672e-03, -3.0555e-02, -3.8773e-02],
          [-4.2502e-03, -5.4077e-02,  8.6740e-02]],

         [[-8.6319e-03,  4.9907e-02, -2.3695e-02],
          [ 2.6845e-02, -4.3052e-02,  7.3178e-02],
          [ 9.4365e-02,  8.7989e-02, -1.0303e-02]],

         [[ 3.6259e-02, -8.0187e-02,  3.8430e-02],
          [-1.2676e-02, -7.2706e-02, -5.7081e-02],
          [-6.0740e-02,  3.2580e-02, -3.4762e-03]],

         [[-4.2305e-02,  8.4655e-02, -2.8411e-02],
          [ 3.8022e-02,  2.8615e-02,  7.6378e-02],
          [-1.4919e-02,  3.9346e-02,  7.4204e-03]],

         [[ 1.2598e-02,  9.6617e-02,  1.5397e-02],
          [-3.3540e-02,  5.1042e-02,  1.0517e-02],
          [-3.6530e-02,  4.5284e-02, -8.6306e-04]],

         [[-6.1019e-02, -3.0370e-02, -1.4952e-02],
          [-2.8675e-01, -1.8347e-01,  6.7163e-03],
          [-1.2698e-01, -5.7200e-02,  7.3774e-02]],

         [[ 1.5789e-02,  1.9166e-02, -5.5397e-02],
          [ 5.9293e-02, -7.0041e-02,  6.8207e-02],
          [ 2.6312e-02, -7.6474e-03, -3.5932e-02]],

         [[ 1.3934e-02,  4.0086e-02, -7.1656e-02],
          [-2.3049e-02,  5.9113e-02, -1.6671e-02],
          [-5.1120e-02, -1.8369e-02,  1.3919e-02]],

         [[-5.5664e-03, -5.9147e-02, -5.6819e-02],
          [ 4.3419e-02,  7.3359e-02,  7.1076e-02],
          [ 8.8413e-03,  3.9602e-02, -7.7541e-02]],

         [[ 3.9287e-02,  7.3067e-02,  4.0267e-02],
          [-2.5230e-02,  6.8819e-02, -6.9877e-02],
          [ 1.2362e-02, -7.7343e-03, -6.3834e-02]],

         [[-1.7246e-02, -3.9023e-02,  3.4567e-02],
          [ 3.1200e-02,  8.3197e-02,  1.2442e-02],
          [ 1.0431e-01,  5.1940e-02,  9.3485e-02]],

         [[ 8.9742e-02, -4.5537e-02, -3.2563e-02],
          [ 8.4080e-02,  1.1680e-01, -5.5661e-02],
          [ 2.7394e-02, -5.7226e-03,  7.9250e-02]],

         [[ 6.6590e-02,  6.0939e-02,  6.3016e-02],
          [ 2.0157e-02,  9.1253e-02, -2.9504e-02],
          [ 3.7440e-02, -1.6254e-03, -4.5425e-02]],

         [[-2.2195e-02,  4.2964e-02,  5.1117e-03],
          [-3.4735e-02,  3.2510e-02,  3.6251e-02],
          [-3.8326e-02,  5.9978e-02, -5.4317e-02]]],


        [[[ 2.8114e-02, -2.6470e-02, -5.7157e-02],
          [ 1.9737e-02,  1.1316e-01,  9.3633e-02],
          [ 3.6262e-02,  7.0704e-02, -4.6404e-02]],

         [[ 4.4614e-02,  5.9481e-02, -6.8799e-02],
          [-6.2334e-02,  5.6062e-02,  3.0841e-02],
          [-6.1252e-02, -7.2222e-02,  6.7602e-02]],

         [[ 5.1191e-03,  1.4485e-02, -6.3687e-02],
          [ 7.0231e-02, -3.3125e-02,  5.9409e-02],
          [-8.2706e-03,  2.2396e-02,  6.6480e-02]],

         [[ 2.3485e-03, -9.0816e-03,  7.5307e-02],
          [-3.6353e-02,  4.8119e-02, -1.5485e-02],
          [ 3.2982e-03,  7.8824e-02,  2.4606e-02]],

         [[-7.0904e-02,  8.1910e-02, -3.0894e-02],
          [ 6.9852e-02, -2.9652e-02,  8.1423e-02],
          [ 2.5695e-02, -2.6243e-03,  3.3527e-02]],

         [[-3.6167e-02, -6.3110e-02,  3.0631e-02],
          [ 5.7600e-02,  5.4963e-03,  9.6385e-02],
          [-1.5087e-02, -4.9984e-02, -3.8258e-02]],

         [[ 6.4507e-02, -1.8475e-02,  6.2608e-02],
          [-6.5635e-02,  2.5715e-02, -3.5573e-02],
          [ 5.0091e-02,  9.3004e-02,  4.3918e-02]],

         [[-8.8507e-02, -5.3620e-02,  6.8007e-03],
          [-2.9357e-01, -1.5449e-01, -3.2788e-02],
          [-1.6892e-01, -5.8566e-03,  6.7709e-02]],

         [[-3.9332e-02,  2.5495e-02, -6.1875e-03],
          [ 9.2336e-02,  3.3027e-02,  2.1528e-02],
          [ 9.9625e-02,  5.4988e-02,  5.8671e-02]],

         [[-3.3466e-02,  5.2350e-02,  4.5362e-03],
          [-2.4173e-02,  1.1240e-02, -7.4211e-02],
          [-1.3442e-02,  2.2587e-02, -9.2922e-02]],

         [[-3.9717e-02,  4.6447e-02, -1.9676e-02],
          [ 2.1010e-02,  3.3270e-02, -4.2202e-02],
          [ 7.3132e-02, -3.8632e-03, -4.1286e-02]],

         [[ 6.0831e-02, -5.8780e-02, -1.0966e-02],
          [ 1.7805e-02, -2.4650e-02,  4.1868e-02],
          [-6.6465e-02, -2.7915e-02, -4.2848e-02]],

         [[ 7.2885e-02,  4.0604e-02, -6.0115e-02],
          [ 4.6663e-02,  3.6752e-02,  9.9925e-02],
          [ 5.7884e-02, -1.6512e-02,  9.1087e-02]],

         [[ 1.3495e-02,  1.5231e-02,  3.2945e-02],
          [ 1.2474e-01,  7.7153e-02, -6.4453e-02],
          [-2.5940e-03,  1.0639e-01, -1.9614e-02]],

         [[-3.0318e-02, -5.2014e-02, -4.1457e-02],
          [-2.1128e-02,  3.7926e-02,  2.3036e-02],
          [ 7.8886e-02,  5.5661e-02, -1.2141e-02]],

         [[ 3.3866e-02,  7.1986e-02, -3.7802e-02],
          [ 5.0174e-02, -9.4214e-03,  1.1134e-01],
          [-2.0878e-02,  3.0453e-02,  3.1842e-02]]]], device='cuda:0')

----------------------colour_head.0.bias----------------------
tensor([ 0.0256,  0.0256, -0.0374], device='cuda:0')

----------------------blending_mask_head.0.weight----------------------
tensor([[[[ 0.0569,  0.0792, -0.0224],
          [-0.0328, -0.0302, -0.0231],
          [-0.0007,  0.0165,  0.0046]],

         [[-0.0060,  0.0734,  0.0195],
          [-0.0376, -0.0044, -0.0317],
          [-0.0294, -0.0746,  0.0202]],

         [[-0.0370,  0.0683,  0.0932],
          [-0.0371, -0.0105, -0.0294],
          [ 0.0417,  0.0448, -0.0106]],

         [[ 0.0757,  0.0626, -0.0417],
          [ 0.0240, -0.0075,  0.0144],
          [ 0.0780,  0.0252, -0.0269]],

         [[ 0.2041,  0.0686,  0.1153],
          [ 0.1733,  0.2152,  0.2225],
          [ 0.1243,  0.1718,  0.0702]],

         [[ 0.0221,  0.0213,  0.0774],
          [-0.0083,  0.0749,  0.1014],
          [ 0.0983,  0.0248,  0.1191]],

         [[-0.0462,  0.0106,  0.0647],
          [ 0.0546,  0.0758, -0.0218],
          [ 0.0856, -0.0433, -0.0282]],

         [[-0.2135, -0.2607, -0.2298],
          [-0.2797,  0.0818, -0.0501],
          [-0.0715,  0.0266, -0.0587]],

         [[-0.0346, -0.0152, -0.0421],
          [ 0.1001,  0.0153,  0.0142],
          [-0.0320,  0.0534,  0.0206]],

         [[ 0.0709,  0.1845,  0.1974],
          [ 0.0668,  0.1771,  0.1126],
          [ 0.1179,  0.1551,  0.1044]],

         [[ 0.0957,  0.0803, -0.0297],
          [-0.0217, -0.0465,  0.0518],
          [-0.0429, -0.0470, -0.0382]],

         [[ 0.0783,  0.0912,  0.2263],
          [ 0.2033,  0.2267,  0.1076],
          [ 0.1181,  0.1198,  0.1463]],

         [[-0.0141,  0.0607, -0.0091],
          [ 0.0644,  0.1366,  0.0672],
          [ 0.1070, -0.0071,  0.0349]],

         [[-0.0243,  0.0213, -0.0103],
          [-0.0150, -0.0434, -0.0115],
          [ 0.0314,  0.0050, -0.0673]],

         [[ 0.0916,  0.0986, -0.0126],
          [ 0.0439,  0.0957, -0.0465],
          [-0.0487,  0.0728,  0.0169]],

         [[ 0.0685,  0.0156,  0.0655],
          [ 0.1009,  0.0321,  0.0221],
          [-0.0387,  0.0226,  0.0919]]]], device='cuda:0')

----------------------blending_mask_head.0.bias----------------------
tensor([0.0584], device='cuda:0')
