
----------------------input_conv.weight----------------------
tensor([[[[ 1.1362e-01,  1.1826e-01, -1.9547e-03],
          [ 1.3587e-01,  3.2055e-02,  5.5775e-02],
          [ 9.7393e-04,  1.1120e-01,  1.1923e-01]],

         [[-4.8721e-02,  1.1385e-01,  3.6312e-02],
          [ 1.0357e-01,  5.4770e-02,  7.3502e-02],
          [ 2.1234e-02,  1.1487e-01,  3.2175e-02]],

         [[-2.7457e-02,  4.1638e-02, -3.6268e-02],
          [-1.2273e-04, -1.7522e-02,  7.9216e-02],
          [-6.1215e-02, -2.8061e-02, -2.3892e-02]],

         ...,

         [[-2.3197e-02,  4.7552e-02,  1.5451e-03],
          [ 1.0271e-01, -4.0611e-02, -3.3817e-02],
          [-5.1047e-02,  1.1218e-01,  6.1588e-02]],

         [[ 1.0904e-01, -7.4431e-02, -8.1669e-02],
          [-7.7545e-02, -5.7450e-02,  6.5475e-02],
          [ 3.3921e-02,  9.1502e-02, -3.9259e-02]],

         [[-8.0267e-02,  4.8171e-02, -4.8657e-02],
          [ 5.4870e-02, -3.2869e-02,  5.4010e-02],
          [-9.3677e-02, -6.3354e-02,  2.4085e-02]]],


        [[[ 5.5160e-02,  1.0193e-02,  8.0135e-02],
          [ 1.2030e-01, -9.5795e-03,  5.2956e-03],
          [ 1.5613e-01,  3.1094e-02,  3.1217e-03]],

         [[-1.3108e-01, -9.2473e-02, -1.4024e-02],
          [-2.5428e-02, -7.9685e-02,  8.1988e-04],
          [-6.0571e-02, -7.8154e-02, -6.8547e-02]],

         [[-1.1248e-01, -9.4691e-02,  7.2359e-02],
          [ 1.1849e-02,  2.5063e-02, -1.0522e-01],
          [-5.2453e-02, -2.2909e-02,  9.3139e-03]],

         ...,

         [[-5.4425e-02,  1.0699e-01, -7.3429e-02],
          [ 8.0037e-02,  5.3480e-02,  4.5466e-02],
          [-2.8106e-02,  1.1866e-01,  4.1494e-02]],

         [[ 3.8084e-02, -8.0248e-02,  5.0980e-02],
          [ 1.4337e-02, -2.5553e-02,  1.0803e-01],
          [ 6.1890e-02, -2.6893e-02, -2.7543e-02]],

         [[-3.0382e-02,  3.3320e-02, -5.2281e-02],
          [-8.4342e-02, -6.0845e-02, -1.0426e-01],
          [ 1.2372e-02,  5.4849e-02, -1.2680e-01]]],


        [[[ 4.4413e-02,  9.5709e-02,  6.9282e-02],
          [ 9.6602e-04,  1.1830e-01,  1.1195e-01],
          [ 5.1533e-02,  9.7498e-03,  2.5932e-03]],

         [[ 1.7888e-03, -5.0917e-03, -9.9013e-03],
          [ 7.1772e-02,  1.2241e-01,  1.4857e-02],
          [-4.4460e-02,  4.8103e-04, -7.3142e-03]],

         [[ 4.3335e-02,  7.2770e-02, -4.6221e-02],
          [-6.8036e-03,  1.5025e-01,  9.5050e-02],
          [ 2.0168e-03, -3.2919e-02, -3.6107e-02]],

         ...,

         [[-3.5983e-02,  1.2146e-02, -3.5583e-02],
          [-4.3968e-02,  6.5142e-02,  6.7361e-03],
          [ 7.5018e-02, -1.5876e-02, -5.3004e-02]],

         [[-3.6572e-03, -2.9010e-02, -2.4383e-03],
          [-9.0759e-02,  7.4607e-02, -4.9287e-02],
          [ 4.3321e-02,  4.6950e-02,  8.1869e-02]],

         [[-8.2734e-02,  7.3597e-02, -5.2058e-02],
          [ 3.6079e-02,  9.6067e-02, -1.7193e-02],
          [-5.1802e-03, -2.7611e-02, -8.9922e-02]]],


        ...,


        [[[ 6.7641e-03,  1.6898e-02, -3.0515e-04],
          [ 7.3537e-02,  2.0121e-01,  1.3155e-01],
          [ 9.7202e-02,  9.5850e-02,  1.3904e-01]],

         [[-1.5889e-01, -1.2690e-01, -1.1681e-01],
          [-1.8139e-01, -1.4346e-01, -7.6724e-02],
          [-1.4217e-01, -8.9703e-02, -9.8762e-02]],

         [[-1.9405e-03,  6.1425e-02, -5.5273e-02],
          [ 9.7940e-02,  1.1378e-01, -7.6890e-02],
          [-7.4009e-02, -7.2462e-02, -2.1879e-02]],

         ...,

         [[ 3.4989e-02,  9.2220e-02, -3.7319e-02],
          [-3.0240e-02,  3.8557e-02,  3.2182e-02],
          [ 7.6236e-02, -5.1248e-02,  5.8397e-03]],

         [[ 8.1538e-04, -3.8214e-02,  5.6938e-02],
          [ 4.8232e-03, -8.8825e-02,  3.9085e-03],
          [-5.1952e-02,  1.7236e-02, -3.6890e-03]],

         [[-8.8374e-02, -2.7584e-03,  6.3326e-03],
          [-1.3928e-02,  1.1416e-01, -5.6676e-03],
          [ 8.4258e-02,  4.3099e-02, -7.1696e-02]]],


        [[[ 4.8052e-02,  9.6141e-02, -8.6306e-02],
          [-6.1025e-02,  1.2780e-01,  8.6540e-02],
          [-4.0952e-02,  1.1470e-01, -3.9799e-03]],

         [[-6.0317e-02,  4.5708e-02,  4.2454e-02],
          [-2.0629e-02,  7.1533e-02, -8.0075e-02],
          [ 8.6252e-02,  1.3304e-01,  5.8494e-02]],

         [[ 7.1500e-02,  9.0932e-02, -4.5781e-02],
          [-1.9253e-02,  2.2868e-02, -4.5799e-02],
          [-7.4555e-02,  9.7630e-02,  6.3228e-02]],

         ...,

         [[ 3.0533e-02, -6.5710e-02, -6.7700e-02],
          [ 5.6189e-02,  1.0552e-01, -6.7159e-02],
          [ 4.8439e-02, -5.5064e-02,  4.0580e-02]],

         [[ 1.0505e-01,  9.5244e-02, -5.2183e-02],
          [ 5.8919e-02,  5.8683e-02,  1.5612e-02],
          [ 9.3143e-02, -3.6351e-02, -6.6535e-03]],

         [[-5.4900e-02,  1.4054e-02,  2.8593e-02],
          [ 7.4206e-03, -5.8639e-02, -4.3770e-02],
          [ 3.5247e-02, -9.0857e-02, -1.1506e-02]]],


        [[[-2.3350e-02, -7.7953e-02,  6.7728e-03],
          [ 8.0543e-02,  1.5114e-01,  1.1717e-01],
          [-4.1861e-02,  7.9934e-02,  3.3182e-02]],

         [[-3.0077e-02, -8.7024e-02,  2.3586e-02],
          [-9.9562e-03,  1.2569e-01,  1.9920e-01],
          [-6.7084e-02, -5.4203e-02, -4.2538e-02]],

         [[ 7.9444e-02,  5.8361e-02,  5.5193e-03],
          [ 1.6076e-01,  4.0139e-02,  2.1555e-02],
          [ 2.8853e-02,  2.6131e-02,  1.1447e-01]],

         ...,

         [[-2.7717e-02, -3.3667e-02, -6.4190e-03],
          [-3.4424e-02,  9.6657e-03, -1.0370e-02],
          [ 4.4645e-02,  2.8838e-03,  5.0965e-02]],

         [[ 1.6214e-02, -7.8320e-02,  4.1540e-02],
          [-4.2505e-02, -1.2935e-02, -3.5940e-02],
          [-3.2229e-02, -5.2796e-02,  7.7241e-02]],

         [[ 8.3913e-02,  4.7212e-02,  1.0715e-01],
          [-7.4057e-02,  2.7382e-02,  6.2693e-02],
          [ 7.7118e-02, -7.9882e-02,  2.6244e-02]]]], device='cuda:0')

----------------------input_conv.bias----------------------
tensor([-0.0138,  0.0257,  0.0066, -0.0645, -0.0971, -0.0134,  0.0539,  0.0625,
        -0.0339,  0.0053,  0.0133, -0.0439,  0.0855,  0.0857,  0.0279, -0.1400],
       device='cuda:0')

----------------------body.0.weight----------------------
tensor([[[[ 0.0244,  0.0445,  0.0693],
          [-0.0305, -0.0554,  0.0553],
          [ 0.0132, -0.0022,  0.0003]],

         [[-0.0568,  0.0148, -0.0643],
          [ 0.0481,  0.0489, -0.0185],
          [ 0.0269, -0.0177,  0.0209]],

         [[-0.0966,  0.0252, -0.0038],
          [ 0.0276,  0.0284,  0.0122],
          [-0.0223,  0.0612, -0.0340]],

         ...,

         [[-0.1045, -0.0334, -0.0501],
          [-0.0438,  0.0328,  0.0056],
          [ 0.0029, -0.0303, -0.0104]],

         [[-0.0587,  0.0480,  0.0311],
          [ 0.0471,  0.0186,  0.0258],
          [ 0.0172,  0.0776, -0.0206]],

         [[ 0.0841,  0.0730, -0.0349],
          [ 0.0332, -0.0273, -0.0250],
          [-0.0585, -0.0603,  0.0454]]],


        [[[-0.0503,  0.0674, -0.0539],
          [ 0.0162,  0.0363,  0.0836],
          [-0.0069,  0.0486,  0.0336]],

         [[ 0.0640,  0.0203,  0.0566],
          [-0.0346, -0.0350,  0.1067],
          [-0.0326,  0.0066,  0.0231]],

         [[ 0.1029,  0.0068, -0.0421],
          [ 0.0091,  0.0766,  0.0602],
          [ 0.0952,  0.0264,  0.0710]],

         ...,

         [[ 0.0275,  0.1068,  0.0211],
          [ 0.0634,  0.1007, -0.0262],
          [-0.0143,  0.0077,  0.1002]],

         [[ 0.0775, -0.0423,  0.0283],
          [-0.0250, -0.0211,  0.0862],
          [ 0.0484, -0.0155,  0.0145]],

         [[ 0.0290,  0.0304, -0.0316],
          [-0.0445,  0.0596, -0.0022],
          [ 0.0201, -0.0480,  0.0078]]],


        [[[ 0.0490,  0.0471,  0.0259],
          [ 0.0858, -0.0026, -0.0113],
          [ 0.0769,  0.0580, -0.0568]],

         [[ 0.0754,  0.0495, -0.0092],
          [ 0.0721, -0.0335,  0.0527],
          [ 0.0642, -0.0403, -0.0415]],

         [[-0.0585, -0.0012, -0.0686],
          [-0.0084,  0.0279,  0.0699],
          [ 0.0623,  0.0397,  0.0183]],

         ...,

         [[-0.0087,  0.0799,  0.1075],
          [-0.0256,  0.0894,  0.0426],
          [ 0.0455,  0.0913,  0.0909]],

         [[ 0.0377,  0.0506,  0.0427],
          [ 0.0210, -0.0876,  0.0091],
          [-0.0502,  0.0024, -0.0054]],

         [[-0.0163, -0.0389, -0.0254],
          [ 0.0407,  0.0269,  0.0214],
          [-0.0323, -0.0256, -0.0438]]],


        ...,


        [[[ 0.0980, -0.0460,  0.0977],
          [-0.0477,  0.0132, -0.0056],
          [-0.0413,  0.0535,  0.0744]],

         [[-0.0419, -0.0443,  0.0109],
          [ 0.0149,  0.0214,  0.0203],
          [ 0.0083, -0.0261,  0.0087]],

         [[-0.0292, -0.0361, -0.0119],
          [-0.0310,  0.1168,  0.0753],
          [ 0.0158,  0.0135, -0.0270]],

         ...,

         [[ 0.0616,  0.0385, -0.0150],
          [-0.0342, -0.0682,  0.0776],
          [-0.0310,  0.0005, -0.0419]],

         [[-0.0446,  0.0461,  0.0194],
          [ 0.0119,  0.0100,  0.0309],
          [-0.0183,  0.0017,  0.0624]],

         [[ 0.0863,  0.1163, -0.0345],
          [-0.0765,  0.0037, -0.0149],
          [ 0.0183,  0.0701,  0.0022]]],


        [[[-0.0211,  0.0201,  0.0644],
          [ 0.0618, -0.0263,  0.0385],
          [-0.0562,  0.0029,  0.0882]],

         [[-0.0486,  0.0146, -0.0936],
          [ 0.0582,  0.0181,  0.0209],
          [ 0.0369, -0.0046, -0.0557]],

         [[-0.0210, -0.0297,  0.1011],
          [-0.0009,  0.0368, -0.0481],
          [ 0.0366,  0.0002, -0.0315]],

         ...,

         [[ 0.0002, -0.0021, -0.1101],
          [-0.0436,  0.0170, -0.0309],
          [-0.0392, -0.0554,  0.0622]],

         [[-0.0309, -0.0325,  0.0835],
          [-0.0261,  0.0767, -0.0177],
          [ 0.0044, -0.0214,  0.0873]],

         [[ 0.0692,  0.0337,  0.0232],
          [-0.0316, -0.0301, -0.0195],
          [ 0.0037, -0.0315,  0.0301]]],


        [[[ 0.0062, -0.0163, -0.0521],
          [ 0.0198, -0.0723,  0.0042],
          [ 0.0260,  0.0057,  0.0235]],

         [[ 0.0027, -0.0274, -0.0539],
          [-0.0362,  0.0562,  0.0347],
          [-0.0877, -0.0258, -0.0616]],

         [[ 0.0585, -0.0027,  0.0810],
          [ 0.0949,  0.0817,  0.0570],
          [ 0.0369,  0.0406, -0.0627]],

         ...,

         [[-0.0670, -0.0723, -0.0002],
          [ 0.0233, -0.0210,  0.0354],
          [-0.0199, -0.0545, -0.0994]],

         [[ 0.0320, -0.0650, -0.0052],
          [-0.0048, -0.0455,  0.0116],
          [ 0.0037,  0.0531,  0.0317]],

         [[-0.0452, -0.0631, -0.0483],
          [-0.0558, -0.0084, -0.0935],
          [-0.0996, -0.0406, -0.0217]]]], device='cuda:0')

----------------------body.0.bias----------------------
tensor([-0.0283, -0.0605,  0.0054,  0.0433,  0.0956,  0.0199,  0.0556, -0.0442,
         0.0781, -0.0410, -0.0353,  0.0820, -0.0015,  0.0515, -0.0498,  0.0703],
       device='cuda:0')

----------------------feature_head.weight----------------------
tensor([[[[ 0.0790,  0.0255,  0.0792],
          [-0.0263,  0.0130,  0.0584],
          [ 0.0747, -0.0265,  0.0640]],

         [[-0.0170, -0.0443,  0.0164],
          [-0.0368, -0.0556,  0.0446],
          [ 0.0389,  0.0305, -0.0136]],

         [[-0.0581, -0.0878,  0.0338],
          [-0.0731,  0.0213,  0.0481],
          [ 0.0509, -0.0614, -0.0384]],

         [[-0.0438,  0.0718, -0.0614],
          [-0.0919, -0.0759,  0.0515],
          [ 0.0747,  0.0724,  0.0783]],

         [[-0.0570, -0.0628, -0.0697],
          [ 0.0003,  0.0040, -0.0126],
          [-0.0905, -0.0211, -0.0757]],

         [[-0.0128, -0.0177, -0.0030],
          [-0.0401,  0.0915, -0.0211],
          [ 0.0538,  0.0707,  0.0371]],

         [[ 0.0643,  0.0421,  0.0625],
          [ 0.0131,  0.0375, -0.0394],
          [-0.0327,  0.0403,  0.0253]],

         [[ 0.0399, -0.0330,  0.0633],
          [ 0.0838,  0.0138,  0.0446],
          [ 0.0914, -0.0354,  0.0296]],

         [[-0.0568, -0.0647,  0.0440],
          [ 0.0506, -0.0192,  0.0363],
          [-0.0759, -0.0052, -0.0170]],

         [[-0.0569,  0.0264,  0.0257],
          [ 0.0047,  0.0679,  0.0586],
          [ 0.0642,  0.0061, -0.0050]],

         [[-0.0106, -0.0021, -0.0593],
          [ 0.0161, -0.0451, -0.0284],
          [-0.0527,  0.0752, -0.0323]],

         [[-0.0203, -0.0047,  0.0604],
          [ 0.0326, -0.0645,  0.0737],
          [-0.0981, -0.0121,  0.0498]],

         [[ 0.0782, -0.0164, -0.0430],
          [ 0.0627,  0.0819, -0.0212],
          [ 0.0334, -0.0125,  0.0672]],

         [[-0.0028,  0.0197, -0.0278],
          [-0.0694, -0.0265, -0.0401],
          [-0.0002,  0.0451, -0.0404]],

         [[ 0.0005, -0.0808, -0.0440],
          [-0.0441, -0.0224, -0.0197],
          [ 0.0259,  0.0523,  0.0700]],

         [[ 0.0044, -0.0324, -0.0537],
          [ 0.0779, -0.0227,  0.0590],
          [-0.0980, -0.0986, -0.0431]]]], device='cuda:0')

----------------------feature_head.bias----------------------
tensor([-0.0748], device='cuda:0')

----------------------colour_head.0.weight----------------------
tensor([[[[ 9.3078e-04,  8.5436e-02,  3.3486e-02],
          [ 8.4634e-02, -7.2755e-03, -3.9887e-02],
          [-1.2056e-02, -2.1779e-02, -6.9043e-02]],

         [[ 2.2180e-02,  1.0875e-01, -1.1702e-02],
          [ 7.6815e-02,  7.7312e-02,  8.5724e-02],
          [ 3.6857e-02, -1.6967e-02,  5.4480e-02]],

         [[-4.9761e-02, -5.3623e-02,  3.8558e-02],
          [ 4.9566e-02, -3.8431e-02,  6.4722e-02],
          [-3.1135e-02, -1.0055e-02,  6.1471e-02]],

         [[-1.7168e-02, -4.9645e-02,  3.8256e-02],
          [-4.8821e-02, -5.3273e-02, -4.6793e-02],
          [ 8.5598e-02,  5.0054e-02, -3.7095e-03]],

         [[-6.2389e-03, -1.1791e-03, -5.5026e-02],
          [ 7.1810e-03, -8.6202e-02, -2.0742e-02],
          [-2.9763e-02, -4.7330e-02,  6.4970e-02]],

         [[-1.7060e-03,  4.2359e-02, -5.4327e-02],
          [ 7.2042e-03,  3.6190e-02,  5.0513e-02],
          [-4.0940e-02, -2.5525e-02, -8.0100e-02]],

         [[ 4.6330e-02,  5.7093e-02,  3.0494e-02],
          [ 3.1049e-02,  5.1787e-02,  7.4648e-02],
          [ 3.0693e-02,  4.1387e-02,  1.8610e-02]],

         [[-6.5504e-02,  4.8948e-03,  1.8652e-03],
          [-9.3905e-02, -4.6564e-02, -7.3765e-02],
          [-6.5775e-02,  5.2189e-02,  3.9617e-02]],

         [[-2.6956e-02,  1.6035e-02, -3.9787e-02],
          [ 8.1810e-03, -3.2452e-02, -6.4102e-02],
          [-4.5869e-02,  6.4363e-02, -1.7166e-02]],

         [[-4.9733e-02,  1.5811e-02, -7.9165e-02],
          [ 3.4014e-03,  8.5681e-02,  1.3170e-02],
          [ 2.4767e-02, -6.2434e-02, -1.5160e-02]],

         [[ 6.5740e-02, -3.3582e-02, -1.9422e-02],
          [ 9.8282e-02,  8.4239e-02,  7.1061e-02],
          [-5.4090e-02,  8.0974e-02, -1.1656e-02]],

         [[ 2.6706e-02,  7.4782e-02, -7.6422e-02],
          [ 3.0261e-02, -7.2711e-02,  5.6410e-02],
          [ 2.1824e-02, -3.5735e-04, -4.6877e-02]],

         [[ 2.8878e-02, -3.5486e-02,  3.6509e-02],
          [ 7.7804e-02, -3.3183e-02,  1.3983e-02],
          [ 2.4333e-02,  3.3101e-02,  2.2045e-02]],

         [[ 3.9814e-02, -3.2561e-02, -9.1671e-03],
          [ 5.2146e-02,  1.3857e-02,  4.4053e-02],
          [ 4.9646e-02,  4.7033e-02, -5.2634e-02]],

         [[ 6.3504e-02, -3.6829e-02,  1.5503e-02],
          [ 5.5044e-02,  9.4216e-02, -7.7097e-02],
          [ 2.8766e-02, -3.6846e-02,  1.4555e-02]],

         [[-5.7088e-02, -9.1795e-02, -8.4905e-03],
          [-9.5459e-03,  3.2496e-02,  8.2135e-02],
          [ 5.2904e-02, -2.1505e-02,  2.4315e-02]]],


        [[[-5.9678e-02,  7.6577e-02, -6.8409e-03],
          [ 6.3431e-02,  5.7528e-02,  1.1288e-02],
          [ 6.3678e-02, -2.7372e-02,  3.2520e-02]],

         [[ 5.0446e-02, -2.2732e-02,  3.0577e-02],
          [-6.2649e-02, -2.3755e-02,  5.2654e-02],
          [ 4.7165e-02, -7.0760e-02,  4.3293e-02]],

         [[ 9.1728e-03,  7.4988e-02, -9.3108e-02],
          [ 2.1430e-05, -4.3654e-02, -6.7033e-02],
          [ 1.0338e-02, -5.5350e-02,  7.7974e-02]],

         [[-1.3800e-02,  4.4843e-02, -2.9218e-02],
          [ 4.0589e-03, -6.1274e-02,  6.6213e-02],
          [ 8.1444e-02,  7.3392e-02, -2.3364e-02]],

         [[ 4.7872e-02, -6.9795e-02,  3.9494e-02],
          [-1.5473e-02, -7.5315e-02, -6.7927e-02],
          [-7.9665e-02,  1.5366e-02, -2.4880e-02]],

         [[-2.1856e-02,  1.0291e-01, -1.3043e-02],
          [ 4.4388e-02,  1.8255e-02,  7.1090e-02],
          [ 1.2781e-02,  6.0462e-02,  3.0593e-02]],

         [[ 5.4296e-03,  8.4966e-02, -2.9994e-03],
          [-4.2470e-02,  2.6073e-02, -1.2744e-02],
          [-4.5790e-02,  2.8966e-02, -1.3255e-02]],

         [[-1.1072e-02, -1.9022e-02, -2.4500e-02],
          [-2.0935e-02,  1.8338e-02,  8.4952e-02],
          [-2.7089e-02, -1.1710e-02, -4.0207e-02]],

         [[ 2.3897e-02,  3.4147e-02, -4.2550e-02],
          [ 6.5491e-02, -5.8306e-02,  7.8143e-02],
          [ 2.9986e-02,  2.6059e-03, -2.4253e-02]],

         [[ 2.2944e-02,  4.0413e-02, -6.1948e-02],
          [-1.5079e-02,  7.6190e-02, -9.1464e-03],
          [-4.1835e-02, -5.9619e-03, -2.3045e-03]],

         [[-1.4951e-02, -6.7238e-02, -6.7190e-02],
          [ 4.1032e-02,  7.6633e-02,  7.3677e-02],
          [-1.3080e-03,  4.1170e-02, -7.3499e-02]],

         [[ 4.5196e-02,  7.7193e-02,  3.7521e-02],
          [-3.0879e-02,  6.8382e-02, -7.5830e-02],
          [-5.9051e-03, -1.6459e-02, -7.4454e-02]],

         [[-1.9954e-02, -3.8600e-02,  3.6225e-02],
          [ 2.3377e-02,  7.0191e-02,  1.0126e-02],
          [ 8.0666e-02,  2.8825e-02,  8.4479e-02]],

         [[ 6.8765e-02, -6.7058e-02, -5.5807e-02],
          [ 7.3876e-02,  1.0412e-01, -6.8506e-02],
          [ 1.5651e-02, -1.0931e-02,  7.2173e-02]],

         [[ 7.9105e-02,  7.3888e-02,  6.6955e-02],
          [ 4.4944e-02,  1.1614e-01, -2.5374e-02],
          [ 4.5220e-02,  9.2186e-03, -3.8436e-02]],

         [[-2.5313e-02,  3.6999e-02, -1.5726e-04],
          [-5.8895e-02,  4.5051e-02,  4.1926e-02],
          [-5.4357e-02,  4.9788e-02, -4.4060e-02]]],


        [[[ 1.1476e-02, -4.6647e-02, -6.9206e-02],
          [ 2.1416e-03,  9.8167e-02,  8.4597e-02],
          [ 2.4933e-02,  6.9409e-02, -5.1796e-02]],

         [[ 4.9555e-02,  5.8723e-02, -6.1336e-02],
          [-5.6982e-02,  4.8364e-02,  2.0884e-02],
          [-5.0488e-02, -6.3057e-02,  7.3055e-02]],

         [[-1.3486e-02, -8.4545e-03, -3.0194e-02],
          [ 4.3819e-02, -5.6237e-02,  4.4571e-02],
          [-7.3914e-03,  3.4115e-05,  4.9093e-02]],

         [[-1.7571e-02, -1.3840e-02,  8.0936e-02],
          [-6.3305e-02,  3.8405e-02, -7.8205e-03],
          [-1.7691e-02,  6.9302e-02,  2.5977e-02]],

         [[-6.6098e-02,  8.6002e-02, -3.2066e-02],
          [ 7.6983e-02, -2.2312e-02,  8.3791e-02],
          [ 3.0631e-02,  2.6350e-03,  3.4715e-02]],

         [[-6.0114e-03, -2.5833e-02,  6.2346e-02],
          [ 6.3725e-02,  1.0926e-02,  9.6765e-02],
          [ 1.5641e-03, -3.6128e-02, -3.6497e-02]],

         [[ 6.0537e-02, -1.8625e-02,  6.0807e-02],
          [-8.0032e-02,  1.0075e-02, -4.7980e-02],
          [ 3.9618e-02,  8.5160e-02,  4.1319e-02]],

         [[-1.7186e-02, -5.1734e-02, -2.5572e-02],
          [-3.6476e-02,  9.4831e-02, -3.4374e-02],
          [ 4.2375e-02,  8.3021e-02,  2.9508e-02]],

         [[-6.4773e-02,  9.7080e-03, -2.5439e-02],
          [ 6.6545e-02,  8.3564e-03,  6.7947e-04],
          [ 7.6930e-02,  3.7215e-02,  4.6684e-02]],

         [[-3.0067e-02,  3.5921e-02, -5.4370e-03],
          [-1.0596e-02,  1.2687e-02, -6.9698e-02],
          [ 2.3265e-02,  3.5040e-02, -8.9022e-02]],

         [[-4.0956e-02,  6.1932e-02,  6.5426e-03],
          [ 9.3020e-03,  2.8315e-02, -3.1171e-02],
          [ 7.1619e-02, -3.0033e-03, -3.2599e-02]],

         [[ 5.2546e-02, -6.6048e-02, -1.8899e-02],
          [ 1.0204e-02, -2.9552e-02,  3.5108e-02],
          [-7.5032e-02, -3.3940e-02, -4.9745e-02]],

         [[ 8.5690e-02,  6.0206e-02, -2.9507e-02],
          [ 5.7169e-02,  4.1554e-02,  1.1845e-01],
          [ 6.0367e-02, -1.5889e-02,  1.0041e-01]],

         [[-4.3714e-03,  7.8803e-03,  2.6550e-02],
          [ 1.1045e-01,  6.0584e-02, -7.7321e-02],
          [-1.7957e-02,  9.3949e-02, -4.1539e-02]],

         [[-6.1406e-02, -7.1406e-02, -5.1474e-02],
          [-4.5938e-02,  8.0989e-03,  4.7699e-03],
          [ 5.6739e-02,  3.0962e-02, -3.1029e-02]],

         [[-1.6043e-02,  3.2844e-02, -5.7894e-02],
          [ 5.9670e-03, -2.2791e-02,  1.0527e-01],
          [-2.6494e-02, -2.2394e-03,  5.5281e-03]]]], device='cuda:0')

----------------------colour_head.0.bias----------------------
tensor([ 0.0270,  0.0113, -0.0573], device='cuda:0')

----------------------blending_mask_head.0.weight----------------------
tensor([[[[ 0.0994,  0.1224,  0.0338],
          [-0.0019,  0.0181,  0.0420],
          [ 0.0695,  0.1112,  0.1180]],

         [[-0.0074,  0.0453,  0.0119],
          [-0.0086, -0.0211, -0.0508],
          [ 0.0563, -0.0218,  0.0713]],

         [[-0.0646,  0.0338,  0.0769],
          [-0.0558, -0.0354, -0.0493],
          [ 0.0441,  0.0282, -0.0258]],

         [[ 0.0903,  0.0610, -0.0632],
          [ 0.0227, -0.0229,  0.0049],
          [ 0.0483, -0.0384, -0.0764]],

         [[ 0.3946,  0.2644,  0.3008],
          [ 0.3853,  0.4351,  0.4356],
          [ 0.3279,  0.3803,  0.2714]],

         [[ 0.0252, -0.0042,  0.0274],
          [-0.0076,  0.0313,  0.0269],
          [ 0.1482,  0.0450,  0.1094]],

         [[-0.0922, -0.0741, -0.0029],
          [ 0.0183, -0.0051, -0.0835],
          [ 0.0565, -0.0982, -0.0767]],

         [[ 0.2247,  0.1535,  0.1435],
          [ 0.1586,  0.2988,  0.2636],
          [ 0.1812,  0.2103,  0.1554]],

         [[-0.0646, -0.0544, -0.0748],
          [ 0.0511, -0.0481, -0.0142],
          [-0.0730,  0.0009,  0.0077]],

         [[-0.0688,  0.0745,  0.0034],
          [-0.0797,  0.0230, -0.0990],
          [ 0.0219,  0.0878, -0.0446]],

         [[ 0.1025,  0.1044,  0.0248],
          [-0.0295, -0.0558,  0.0717],
          [-0.0045, -0.0028,  0.0333]],

         [[ 0.2233,  0.2441,  0.3923],
          [ 0.3725,  0.4141,  0.2995],
          [ 0.2996,  0.3200,  0.3500]],

         [[-0.0386,  0.0186, -0.0229],
          [ 0.0400,  0.0808,  0.0335],
          [ 0.1247, -0.0235,  0.0351]],

         [[-0.0021,  0.0692,  0.0641],
          [-0.0026, -0.0346,  0.0369],
          [ 0.0753,  0.0518,  0.0044]],

         [[ 0.0535,  0.0539, -0.0382],
          [-0.0181,  0.0241, -0.0975],
          [-0.1156,  0.0149,  0.0006]],

         [[ 0.0565, -0.0497, -0.0037],
          [ 0.0872, -0.0190, -0.0555],
          [-0.0063,  0.0371,  0.1338]]]], device='cuda:0')

----------------------blending_mask_head.0.bias----------------------
tensor([0.1993], device='cuda:0')
