
----------------------input_conv.weight----------------------
tensor([[[[ 1.1106e-01,  1.2966e-01,  2.6886e-02],
          [ 1.3805e-01,  4.8826e-02,  6.9341e-02],
          [-2.4313e-02,  8.2612e-02,  1.1479e-01]],

         [[-4.2599e-02,  1.1584e-01,  5.3741e-02],
          [ 1.0844e-01,  6.4501e-02,  8.5989e-02],
          [ 2.0357e-03,  9.0220e-02,  4.0249e-02]],

         [[-7.4107e-02, -1.7665e-03, -5.6638e-02],
          [-3.8880e-02, -5.5949e-02,  4.7052e-02],
          [-1.2110e-01, -8.7493e-02, -4.9350e-02]],

         ...,

         [[-4.2774e-02,  5.7239e-02, -4.0460e-02],
          [ 7.2314e-02, -1.7394e-02,  4.1629e-02],
          [-4.1769e-02, -2.6643e-02,  2.4980e-02]],

         [[ 1.6484e-02, -2.8392e-02,  5.3498e-02],
          [ 6.1556e-02, -7.3638e-02, -5.5230e-02],
          [ 8.4251e-02, -3.6328e-02, -3.7972e-02]],

         [[-5.1630e-02, -1.3629e-02,  6.5514e-02],
          [ 2.8776e-02, -2.8372e-02,  4.3734e-02],
          [-2.4253e-02, -4.0160e-02, -1.1511e-02]]],


        [[[-5.0963e-02, -3.0073e-02,  1.6815e-01],
          [ 3.6563e-02,  5.3955e-02, -5.4771e-02],
          [-4.4553e-02,  3.5523e-03,  7.0347e-02]],

         [[-9.8858e-02, -6.1432e-02, -2.8944e-02],
          [-4.1225e-02, -6.8728e-02, -1.0421e-02],
          [-1.0144e-01, -8.6928e-02, -4.7887e-02]],

         [[-1.4532e-02, -6.6392e-02,  1.3073e-01],
          [-2.0054e-02,  8.9270e-02,  6.6348e-02],
          [-7.2997e-02,  8.6850e-02,  1.7146e-02]],

         ...,

         [[ 8.8630e-03, -4.9186e-03, -7.6960e-03],
          [ 6.5063e-02,  8.8643e-02,  1.0439e-02],
          [-1.3515e-02,  1.2504e-02,  1.4269e-02]],

         [[ 3.1626e-02,  3.5458e-02, -7.8905e-02],
          [-2.7018e-02,  8.9526e-02,  4.5977e-02],
          [ 3.7063e-03, -4.9522e-02, -5.0379e-02]],

         [[-8.2831e-02, -2.8002e-02,  3.5859e-02],
          [ 6.4719e-02,  4.7790e-02, -8.1694e-02],
          [-5.4502e-02, -1.1822e-02,  9.6447e-02]]],


        [[[ 8.2719e-02,  5.9206e-02,  1.2994e-01],
          [ 4.5058e-02, -5.1530e-02,  1.4129e-01],
          [-2.5711e-02, -4.1314e-03, -3.7605e-02]],

         [[ 8.7553e-02,  9.0404e-02,  5.6207e-02],
          [-2.7523e-02, -1.6464e-01, -9.7419e-02],
          [ 6.2427e-02, -4.1651e-03,  5.7521e-02]],

         [[ 7.9507e-02,  2.9005e-02, -1.6247e-02],
          [-2.5589e-02, -1.4908e-01, -1.2417e-01],
          [ 1.1765e-01, -1.4421e-02,  1.1761e-02]],

         ...,

         [[-5.5493e-04, -5.8133e-03, -1.5157e-02],
          [ 9.2455e-03,  3.4068e-02,  1.4846e-03],
          [-2.1078e-02, -2.9705e-02,  8.0002e-02]],

         [[-5.5513e-02,  8.4928e-03, -5.0392e-02],
          [-9.1855e-03,  7.2706e-02,  2.7328e-02],
          [-1.0039e-01,  2.1187e-02,  7.4336e-02]],

         [[-9.7503e-03,  2.9446e-02,  5.9801e-02],
          [-4.9810e-02, -1.5094e-02, -1.0195e-01],
          [-5.4895e-02,  3.6197e-02,  1.4264e-02]]],


        ...,


        [[[-6.1053e-02, -7.4250e-03,  3.2928e-02],
          [ 1.2504e-02, -3.5279e-02,  8.0742e-02],
          [ 3.6126e-02,  9.2963e-02,  6.0204e-02]],

         [[-1.2542e-02,  2.1260e-02,  4.9788e-02],
          [-2.9179e-02,  4.8735e-03,  3.3593e-02],
          [ 7.5485e-02,  6.5429e-02,  9.8584e-02]],

         [[-3.2988e-02, -9.9609e-02,  1.0539e-02],
          [-1.1715e-01, -1.1990e-01, -9.4699e-02],
          [-7.7290e-02, -7.6668e-02,  3.9071e-02]],

         ...,

         [[-1.1584e-02,  3.6744e-02,  4.5147e-02],
          [ 1.5509e-02,  9.5352e-02, -3.9151e-02],
          [-1.8160e-02, -2.5325e-02, -5.0238e-02]],

         [[-6.9149e-02, -8.7439e-02, -8.6984e-02],
          [ 2.3413e-02,  5.6982e-02,  8.8639e-02],
          [ 8.0263e-02, -7.2435e-03,  1.6971e-02]],

         [[-6.0010e-02,  3.4757e-02, -9.4700e-02],
          [ 4.2951e-02,  1.5213e-02,  2.7134e-02],
          [ 3.2796e-02, -4.6613e-02,  8.0135e-02]]],


        [[[ 7.2888e-02,  9.0729e-02,  3.0490e-02],
          [ 1.1946e-01,  1.1466e-01,  5.7582e-02],
          [ 1.1110e-01,  1.5510e-02,  6.2146e-02]],

         [[ 2.2078e-02,  5.5738e-02,  8.7975e-02],
          [ 5.0421e-02, -1.4785e-02, -1.4720e-02],
          [ 4.8893e-02,  3.0571e-02, -4.6211e-02]],

         [[ 1.0606e-01,  8.8771e-02, -2.9163e-02],
          [ 4.4544e-02,  4.6488e-02, -2.3315e-02],
          [ 6.1552e-02,  1.1565e-02, -3.8357e-02]],

         ...,

         [[-3.5724e-02,  5.3568e-02, -3.2370e-02],
          [-1.4162e-02, -2.8704e-02, -4.9789e-02],
          [ 7.3034e-02, -7.7844e-02,  4.5457e-02]],

         [[-9.2416e-02, -1.7523e-02, -7.3139e-05],
          [ 6.2595e-02, -4.0635e-02,  2.1884e-02],
          [ 9.0935e-03,  5.0805e-02, -9.1475e-05]],

         [[ 3.8993e-02, -5.5167e-02, -6.3907e-02],
          [ 8.8705e-02, -6.7155e-02, -1.3420e-02],
          [-8.6700e-03,  9.7058e-02, -1.7834e-02]]],


        [[[-4.3903e-03,  4.1928e-02,  6.4714e-02],
          [ 1.0718e-01,  1.3391e-01, -1.1788e-02],
          [ 5.9389e-02, -8.2989e-02,  1.3391e-03]],

         [[ 7.0217e-02,  1.0377e-01, -4.6006e-02],
          [ 1.7149e-02,  7.4284e-02, -4.9920e-02],
          [-8.5885e-02, -8.4277e-02, -1.4296e-02]],

         [[ 9.4670e-02,  8.8184e-02,  5.2195e-02],
          [ 8.8381e-02,  2.3984e-02,  6.9990e-02],
          [-3.3754e-02, -1.9684e-02,  9.3080e-02]],

         ...,

         [[ 2.1953e-02,  7.4801e-02, -5.3309e-02],
          [ 3.0474e-02,  3.3321e-02,  4.8823e-02],
          [-3.1041e-02, -1.7572e-02,  3.5069e-02]],

         [[ 3.1816e-02,  6.6034e-02, -5.6584e-02],
          [ 9.0665e-03,  3.8183e-02, -9.4328e-02],
          [-9.8926e-03, -5.0539e-02,  3.2847e-02]],

         [[-2.0937e-02,  2.9030e-02,  7.9853e-02],
          [-6.5873e-02, -5.8968e-02, -2.7004e-02],
          [ 8.4001e-02,  8.6802e-02, -4.3438e-02]]]], device='cuda:0')

----------------------input_conv.bias----------------------
tensor([ 0.0490,  0.0123, -0.0378,  0.0886,  0.0728,  0.0338,  0.0434,  0.0466,
         0.0464,  0.0056, -0.0619,  0.0858,  0.0235,  0.0816,  0.0094,  0.0514],
       device='cuda:0')

----------------------body.0.weight----------------------
tensor([[[[ 0.0687,  0.0723,  0.0165],
          [ 0.1046,  0.0422,  0.0436],
          [ 0.0798,  0.1030, -0.0327]],

         [[ 0.0343,  0.0013, -0.0568],
          [ 0.0573, -0.0337,  0.0165],
          [ 0.0812, -0.0517, -0.0694]],

         [[-0.0625, -0.0162, -0.0321],
          [-0.0291, -0.0537,  0.0021],
          [ 0.1272,  0.1048,  0.0870]],

         ...,

         [[-0.0025,  0.0801,  0.0719],
          [-0.0569,  0.0608, -0.0244],
          [ 0.0301,  0.0835,  0.0486]],

         [[ 0.0230,  0.0753,  0.0548],
          [ 0.0212, -0.0455,  0.0506],
          [-0.0487,  0.0453,  0.0382]],

         [[-0.0345, -0.0823, -0.0668],
          [ 0.0634,  0.0656,  0.0583],
          [-0.0242,  0.0073, -0.0151]]],


        [[[ 0.0913, -0.0244,  0.0653],
          [ 0.0777, -0.0462,  0.0238],
          [ 0.0019, -0.0427,  0.0631]],

         [[-0.0455,  0.0194, -0.0536],
          [-0.0055, -0.1030, -0.0316],
          [-0.0400,  0.0158,  0.0040]],

         [[-0.0792,  0.0242, -0.0022],
          [-0.0258, -0.1164, -0.0610],
          [ 0.0879, -0.0376, -0.0296]],

         ...,

         [[-0.0257,  0.0423,  0.0599],
          [ 0.0357, -0.0031,  0.0640],
          [ 0.0272, -0.0013, -0.0174]],

         [[-0.0214, -0.0955,  0.0434],
          [-0.0573, -0.0586, -0.0225],
          [-0.0087, -0.0356,  0.0255]],

         [[-0.0302,  0.0255, -0.0092],
          [-0.0590, -0.0233,  0.0345],
          [ 0.0030,  0.0504,  0.0500]]],


        [[[-0.0562, -0.0613, -0.0371],
          [-0.0828, -0.0758, -0.1083],
          [ 0.0159,  0.0321, -0.0275]],

         [[-0.0318, -0.0197,  0.0009],
          [ 0.0518,  0.0319,  0.0438],
          [ 0.0991,  0.0599,  0.0564]],

         [[ 0.0399,  0.0671,  0.0437],
          [-0.0540, -0.0316,  0.0278],
          [-0.0079, -0.0127, -0.0153]],

         ...,

         [[ 0.0054, -0.0226, -0.0868],
          [ 0.0007, -0.0322,  0.0824],
          [ 0.0724,  0.0695,  0.0702]],

         [[-0.0563, -0.0405, -0.0331],
          [-0.0443,  0.0527,  0.0194],
          [ 0.0609, -0.0091, -0.0843]],

         [[-0.0118,  0.0742,  0.0690],
          [ 0.0257, -0.0269, -0.0703],
          [-0.0404,  0.0476, -0.0362]]],


        ...,


        [[[-0.0050, -0.0108, -0.0724],
          [ 0.0495, -0.1273, -0.0161],
          [-0.0433, -0.0200,  0.0215]],

         [[-0.0103, -0.0076, -0.0669],
          [-0.0870,  0.0300,  0.0469],
          [-0.1056,  0.0326, -0.0421]],

         [[ 0.1792, -0.0293,  0.0707],
          [ 0.1299,  0.1015, -0.0038],
          [ 0.1019,  0.0030, -0.0653]],

         ...,

         [[-0.0429, -0.0598,  0.0308],
          [-0.0105,  0.0091,  0.0753],
          [ 0.0094,  0.0052, -0.0360]],

         [[ 0.1656, -0.0357,  0.0288],
          [ 0.1113, -0.0447,  0.0215],
          [ 0.0479,  0.0298,  0.0507]],

         [[ 0.0144, -0.0078, -0.0114],
          [ 0.0356,  0.0451, -0.0417],
          [-0.0213,  0.0160,  0.0577]]],


        [[[-0.0257, -0.0584,  0.0297],
          [ 0.0585,  0.1052,  0.0505],
          [ 0.0740, -0.0429,  0.0996]],

         [[-0.0349, -0.0450,  0.0621],
          [-0.0176,  0.0582, -0.0542],
          [ 0.0551,  0.0716,  0.0155]],

         [[ 0.0401, -0.0638, -0.0362],
          [ 0.0162,  0.0355, -0.0430],
          [ 0.0653,  0.0051, -0.0403]],

         ...,

         [[ 0.0982,  0.0749, -0.0272],
          [ 0.1022, -0.0337,  0.0437],
          [ 0.0835,  0.0922, -0.0012]],

         [[-0.0609,  0.0274,  0.0562],
          [-0.0447, -0.0205, -0.0594],
          [ 0.0290,  0.0079,  0.0336]],

         [[-0.0224, -0.0725, -0.0221],
          [-0.0533, -0.0064,  0.0351],
          [-0.0576,  0.0015, -0.0714]]],


        [[[-0.0400, -0.0631, -0.0458],
          [-0.0070,  0.0365,  0.0427],
          [ 0.0995,  0.0311, -0.0078]],

         [[-0.0439,  0.0082, -0.0697],
          [ 0.0407, -0.1138, -0.0869],
          [ 0.0380, -0.0471,  0.0130]],

         [[ 0.0320,  0.0082,  0.0775],
          [-0.0479, -0.0621, -0.0407],
          [-0.0468, -0.0641, -0.0126]],

         ...,

         [[ 0.0903, -0.0521,  0.0346],
          [-0.0586,  0.0346, -0.0103],
          [-0.0048, -0.0789, -0.0188]],

         [[-0.0482,  0.0186,  0.0622],
          [-0.0412,  0.0109,  0.0378],
          [ 0.0429,  0.0445,  0.0913]],

         [[-0.0429, -0.0049,  0.0128],
          [-0.0156,  0.0578,  0.0544],
          [ 0.0614,  0.0165,  0.0854]]]], device='cuda:0')

----------------------body.0.bias----------------------
tensor([-0.0402,  0.0507,  0.0295,  0.0153, -0.0482,  0.0211, -0.0318,  0.0062,
         0.0086, -0.0297,  0.0253,  0.0222,  0.0562,  0.0338,  0.0586,  0.0157],
       device='cuda:0')

----------------------feature_head.weight----------------------
tensor([[[[ 0.0445, -0.0789,  0.0556],
          [-0.0098,  0.0472,  0.0239],
          [-0.0044,  0.0587, -0.0486]],

         [[ 0.0235,  0.0365, -0.0297],
          [ 0.0302, -0.0824, -0.0421],
          [ 0.0405,  0.0430, -0.0765]],

         [[ 0.0288,  0.0078,  0.0813],
          [-0.0813, -0.0199, -0.0472],
          [-0.0507, -0.0136, -0.0766]],

         [[ 0.0653, -0.0295,  0.0292],
          [-0.0490,  0.0004, -0.0590],
          [ 0.0671,  0.0703,  0.0656]],

         [[-0.0292,  0.0519, -0.0696],
          [ 0.0382, -0.0103, -0.0691],
          [-0.0669, -0.0780,  0.0156]],

         [[-0.0301, -0.0384,  0.0793],
          [-0.0254,  0.0281, -0.0147],
          [ 0.0503,  0.0249,  0.0528]],

         [[ 0.0218, -0.0183,  0.0737],
          [-0.0059, -0.0499,  0.0259],
          [-0.0101, -0.0618,  0.0109]],

         [[-0.0194, -0.0332, -0.0398],
          [-0.0355, -0.0337,  0.0082],
          [ 0.0805, -0.0488, -0.0389]],

         [[-0.0559, -0.0032,  0.0058],
          [-0.0572,  0.0381, -0.0747],
          [ 0.0771,  0.0157, -0.0084]],

         [[-0.0298,  0.0374,  0.0609],
          [-0.0545, -0.0209,  0.0613],
          [-0.0156, -0.0614, -0.0268]],

         [[ 0.0029, -0.0156, -0.0571],
          [-0.0522,  0.0225,  0.0572],
          [ 0.0758, -0.0094,  0.0321]],

         [[-0.0662,  0.0444,  0.0796],
          [ 0.0434, -0.0329,  0.0679],
          [-0.0789, -0.0100, -0.0206]],

         [[-0.0831, -0.0475, -0.0607],
          [ 0.0224, -0.0069,  0.0383],
          [-0.0187,  0.0687,  0.0094]],

         [[ 0.0691,  0.0677, -0.0707],
          [-0.0560,  0.0502,  0.0787],
          [-0.0711,  0.0012, -0.0320]],

         [[ 0.0785,  0.0692,  0.0607],
          [ 0.0448, -0.0078,  0.0769],
          [-0.0390,  0.0041, -0.0219]],

         [[-0.0608, -0.0395,  0.0202],
          [-0.0074, -0.0552, -0.0106],
          [ 0.0144, -0.0583,  0.0503]]],


        [[[-0.0708,  0.0008, -0.0682],
          [-0.0751, -0.0104,  0.0756],
          [ 0.0788,  0.0300,  0.0646]],

         [[-0.0456,  0.0469,  0.0508],
          [-0.0796, -0.0639,  0.0360],
          [ 0.0077, -0.0564, -0.0658]],

         [[ 0.0602,  0.0091, -0.0002],
          [-0.0806,  0.0731, -0.0551],
          [ 0.0371, -0.0100,  0.0027]],

         [[ 0.0409, -0.0222, -0.0234],
          [ 0.0664, -0.0639,  0.0371],
          [-0.0215, -0.0278,  0.0558]],

         [[ 0.0141, -0.0776,  0.0745],
          [-0.0414,  0.0720, -0.0262],
          [ 0.0813,  0.0246, -0.0040]],

         [[ 0.0318, -0.0026, -0.0413],
          [ 0.0456,  0.0541, -0.0104],
          [ 0.0784,  0.0053, -0.0441]],

         [[-0.0454,  0.0561, -0.0338],
          [ 0.0526, -0.0809,  0.0029],
          [-0.0576,  0.0296,  0.0677]],

         [[ 0.0328, -0.0287, -0.0782],
          [-0.0395, -0.0492,  0.0796],
          [-0.0448,  0.0322,  0.0669]],

         [[ 0.0300, -0.0731, -0.0095],
          [-0.0247,  0.0537, -0.0078],
          [-0.0044,  0.0741,  0.0198]],

         [[ 0.0386, -0.0268,  0.0545],
          [ 0.0120, -0.0167,  0.0161],
          [-0.0656,  0.0031,  0.0382]],

         [[-0.0780, -0.0443,  0.0522],
          [ 0.0019, -0.0028,  0.0085],
          [-0.0374,  0.0689, -0.0083]],

         [[-0.0303,  0.0439, -0.0694],
          [-0.0154,  0.0084, -0.0259],
          [ 0.0454, -0.0712, -0.0240]],

         [[-0.0350,  0.0771,  0.0333],
          [-0.0622,  0.0323, -0.0018],
          [ 0.0763,  0.0460, -0.0487]],

         [[ 0.0743, -0.0149, -0.0190],
          [ 0.0249,  0.0828,  0.0251],
          [-0.0804, -0.0266,  0.0776]],

         [[-0.0294, -0.0401, -0.0664],
          [-0.0460, -0.0456,  0.0199],
          [ 0.0333,  0.0795,  0.0547]],

         [[ 0.0012,  0.0449,  0.0476],
          [-0.0719,  0.0420, -0.0570],
          [ 0.0644, -0.0362,  0.0173]]],


        [[[-0.0009,  0.0387,  0.0130],
          [-0.0604,  0.0338,  0.0492],
          [-0.0434, -0.0541, -0.0567]],

         [[-0.0405, -0.0105,  0.0062],
          [-0.0006, -0.0220,  0.0517],
          [ 0.0044, -0.0484, -0.0221]],

         [[-0.0490, -0.0294, -0.0786],
          [ 0.0146, -0.0646,  0.0322],
          [ 0.0571, -0.0620, -0.0440]],

         [[-0.0658,  0.0222,  0.0161],
          [-0.0430,  0.0503,  0.0346],
          [-0.0753, -0.0045, -0.0359]],

         [[-0.0144,  0.0464, -0.0090],
          [-0.0579,  0.0586, -0.0762],
          [-0.0286,  0.0321,  0.0737]],

         [[ 0.0809, -0.0196,  0.0278],
          [-0.0732, -0.0162, -0.0259],
          [ 0.0237, -0.0546,  0.0180]],

         [[ 0.0431,  0.0649, -0.0141],
          [ 0.0761, -0.0787, -0.0236],
          [ 0.0316,  0.0214,  0.0392]],

         [[-0.0553,  0.0513, -0.0782],
          [-0.0571, -0.0057, -0.0810],
          [-0.0792, -0.0740,  0.0670]],

         [[ 0.0183, -0.0266, -0.0034],
          [-0.0726, -0.0787, -0.0581],
          [-0.0806,  0.0548, -0.0292]],

         [[-0.0225, -0.0718,  0.0138],
          [-0.0125, -0.0567,  0.0534],
          [ 0.0702, -0.0594,  0.0472]],

         [[-0.0135, -0.0008,  0.0355],
          [-0.0152,  0.0708,  0.0513],
          [-0.0541, -0.0507, -0.0826]],

         [[ 0.0267, -0.0627, -0.0698],
          [-0.0534, -0.0824, -0.0679],
          [ 0.0743,  0.0465,  0.0738]],

         [[-0.0404, -0.0342, -0.0292],
          [ 0.0016, -0.0598,  0.0122],
          [-0.0534,  0.0132,  0.0763]],

         [[ 0.0141,  0.0608, -0.0594],
          [-0.0118, -0.0515, -0.0092],
          [-0.0331, -0.0473, -0.0805]],

         [[-0.0309,  0.0112, -0.0147],
          [-0.0776,  0.0626,  0.0618],
          [-0.0502,  0.0085,  0.0553]],

         [[-0.0791, -0.0736,  0.0462],
          [-0.0017,  0.0265, -0.0347],
          [ 0.0151,  0.0553, -0.0204]]]], device='cuda:0')

----------------------feature_head.bias----------------------
tensor([-0.0269, -0.0793, -0.0129], device='cuda:0')

----------------------colour_head.0.weight----------------------
tensor([[[[ 4.4264e-02, -7.2942e-02, -5.9306e-03],
          [ 8.8128e-02,  2.9591e-02,  2.2992e-03],
          [ 8.0051e-03, -3.8646e-03,  2.6145e-02]],

         [[-9.7309e-02,  1.9461e-02, -1.8577e-02],
          [ 1.0958e-02,  3.8356e-02,  7.2355e-02],
          [-4.2577e-02, -5.7153e-02, -4.2446e-02]],

         [[-4.4923e-02, -1.6146e-02,  7.0656e-02],
          [-6.4021e-02, -5.1983e-02, -7.5975e-02],
          [-3.0824e-02, -3.8470e-03, -5.6368e-02]],

         [[-8.5289e-02, -1.5897e-01,  2.6537e-02],
          [-1.6697e-02, -2.8274e-01, -4.5934e-02],
          [ 7.8796e-02, -3.7480e-02,  6.3633e-02]],

         [[ 5.2172e-02,  6.3442e-02, -4.4985e-02],
          [-1.4411e-02,  9.1871e-02,  8.0926e-02],
          [ 1.1501e-01,  3.9901e-02,  1.5112e-02]],

         [[ 4.9466e-02,  6.7901e-03,  7.0300e-02],
          [-2.0575e-02,  2.5478e-03,  3.4975e-02],
          [ 5.5020e-02, -5.3813e-02, -4.4609e-03]],

         [[ 5.9940e-02,  3.1943e-02,  6.1158e-02],
          [-2.4722e-02, -2.7443e-02, -4.6893e-02],
          [-6.1333e-02, -7.7448e-02,  2.6824e-02]],

         [[-2.8204e-02, -3.0835e-04, -2.1458e-02],
          [ 1.0455e-01, -6.1614e-03,  4.5903e-02],
          [-4.7865e-02, -1.6286e-02, -3.6076e-02]],

         [[ 2.7214e-02,  1.0714e-02,  4.6750e-03],
          [ 2.3887e-02, -1.6846e-01,  1.6915e-02],
          [-4.9484e-02, -3.5375e-01, -8.3225e-02]],

         [[-5.6727e-02, -1.0741e-02,  2.8477e-02],
          [ 6.2039e-04,  1.2788e-01, -4.0387e-02],
          [-2.8874e-02,  1.5385e-02, -3.4113e-02]],

         [[ 2.1547e-02,  8.4089e-02,  4.0763e-02],
          [-6.4542e-02, -2.6458e-02, -3.2594e-03],
          [-6.9263e-02,  2.7539e-02,  7.7947e-02]],

         [[ 6.6021e-02,  3.0747e-02, -4.2898e-03],
          [-6.0920e-03,  9.6666e-03,  1.1312e-01],
          [-4.3058e-02,  2.1814e-02, -6.9211e-02]],

         [[ 4.3364e-03,  1.3974e-02, -6.8638e-02],
          [ 6.7548e-02, -4.1994e-02, -4.8337e-02],
          [ 8.5849e-02,  8.4649e-02, -2.3124e-02]],

         [[ 2.5599e-02,  1.6869e-02,  3.8679e-02],
          [ 1.7396e-02,  2.8636e-02, -2.4970e-01],
          [-2.6935e-02, -7.4632e-02, -1.0171e-01]],

         [[ 7.3520e-02,  6.8301e-02,  1.3109e-02],
          [-2.6423e-02,  8.3273e-03,  5.7731e-02],
          [ 7.6911e-02, -1.2366e-02, -3.2626e-02]],

         [[-7.8189e-02,  7.0547e-02,  8.8702e-02],
          [ 8.9979e-02,  1.2677e-02,  8.6447e-02],
          [-2.0629e-03,  6.6663e-02,  5.2389e-02]]],


        [[[-4.9388e-02,  3.6744e-02,  3.1845e-02],
          [-1.9732e-02,  1.1851e-01,  9.5627e-02],
          [ 8.1444e-02,  1.1353e-02, -2.9979e-02]],

         [[-4.4842e-02,  3.3553e-02, -3.5834e-04],
          [ 8.7722e-02,  9.7052e-02,  4.2098e-02],
          [-5.7106e-02,  2.7049e-02,  6.9174e-02]],

         [[-2.1277e-02, -1.3846e-02,  5.4686e-03],
          [ 1.6017e-03, -6.6861e-02,  3.1718e-02],
          [ 3.4549e-02, -3.0609e-02, -3.8722e-02]],

         [[-6.2241e-02, -1.7808e-01,  5.2878e-02],
          [ 4.7923e-02, -2.9335e-01, -2.5558e-02],
          [ 4.6882e-02, -3.4578e-02,  4.1242e-02]],

         [[ 3.1305e-02, -3.7908e-02, -1.5744e-02],
          [-5.4545e-02, -2.4765e-03,  1.3979e-03],
          [-5.3365e-02,  3.8042e-02,  5.3254e-02]],

         [[-4.0510e-02,  4.9855e-02, -4.7668e-02],
          [ 9.4962e-03,  7.4404e-02,  3.9858e-02],
          [ 3.0796e-02, -1.8257e-02,  8.6004e-02]],

         [[-1.8627e-03,  6.6238e-02,  4.0619e-02],
          [ 6.8150e-02,  3.4147e-02,  6.1161e-02],
          [ 2.3888e-02,  5.0026e-02, -5.0955e-03]],

         [[ 2.4966e-02,  2.5619e-02,  3.3972e-02],
          [ 4.5529e-02, -2.1740e-02,  7.5062e-02],
          [-7.9806e-02, -1.0153e-01, -3.6631e-02]],

         [[ 3.3779e-02, -4.3224e-02,  9.5632e-03],
          [-2.9419e-03, -1.5571e-01,  3.5733e-02],
          [-7.0251e-03, -2.9870e-01, -7.9770e-02]],

         [[ 5.2652e-03,  7.9261e-02, -3.0563e-02],
          [ 3.5058e-02,  9.7429e-02, -2.4893e-02],
          [-7.3976e-02,  7.0583e-02, -2.5635e-02]],

         [[ 6.1472e-02, -7.4785e-02, -4.6884e-03],
          [ 4.9738e-02, -2.4753e-02,  2.9635e-02],
          [-6.7113e-02,  7.3582e-02, -3.3923e-02]],

         [[-3.3673e-04, -4.2871e-02,  6.6287e-03],
          [-8.0663e-02, -9.7075e-02, -6.3642e-03],
          [-2.7666e-02,  3.0478e-02, -4.0931e-02]],

         [[ 7.4011e-02, -4.3575e-03,  3.7607e-03],
          [ 8.7747e-02, -4.7703e-02, -5.3075e-02],
          [ 6.1858e-02, -1.7280e-02, -3.4835e-02]],

         [[ 8.5594e-03,  2.0755e-02,  8.1252e-03],
          [ 7.2930e-03,  1.3277e-02, -1.9781e-01],
          [-1.8927e-02, -3.0368e-02, -6.7530e-02]],

         [[ 5.0942e-02, -5.9810e-02, -4.8319e-02],
          [-5.9018e-02,  5.5302e-02,  7.4392e-02],
          [-4.8471e-02,  3.1579e-02,  7.1956e-03]],

         [[-1.7717e-02,  4.2542e-02,  7.9225e-02],
          [ 1.0460e-01,  7.2275e-02,  1.7269e-02],
          [-5.1805e-02, -3.8659e-02, -5.4342e-03]]],


        [[[-7.5787e-03,  6.2286e-02, -7.8035e-02],
          [ 2.2564e-02, -7.2018e-03,  8.9276e-03],
          [ 8.3867e-02,  1.5033e-02, -1.0148e-02]],

         [[-3.8027e-02, -7.9802e-02, -6.8621e-02],
          [ 1.7248e-02, -5.5652e-02,  3.4553e-02],
          [-6.1456e-02,  1.0630e-02,  4.2551e-02]],

         [[ 1.3531e-02,  4.4452e-02,  7.0299e-02],
          [-2.2729e-02,  7.4797e-02, -5.8787e-02],
          [ 8.3895e-02, -5.4830e-03,  3.5334e-03]],

         [[-7.8808e-02, -1.2817e-01,  3.6236e-02],
          [ 2.4423e-02, -1.9528e-01,  3.2964e-02],
          [ 3.6430e-02,  4.1474e-03,  8.6167e-03]],

         [[ 6.2456e-02, -3.8274e-02, -7.9928e-03],
          [-5.8184e-02, -4.0523e-02, -1.2234e-02],
          [-2.7503e-02,  5.5959e-02,  4.5709e-02]],

         [[-1.6457e-02,  1.0123e-02,  8.1699e-02],
          [ 2.6008e-02,  1.1493e-01,  1.0702e-01],
          [-2.5693e-02, -5.8008e-02,  8.2533e-02]],

         [[-4.6917e-02,  6.5369e-02, -7.1237e-02],
          [-4.2509e-04,  2.1415e-02, -2.6213e-02],
          [ 4.7599e-02, -7.3259e-02, -3.0478e-02]],

         [[ 5.4839e-02,  3.1602e-02,  3.8804e-02],
          [ 6.8458e-02, -6.9531e-02,  1.1047e-01],
          [-4.4223e-02, -1.8473e-01, -4.4795e-02]],

         [[ 3.4780e-02, -5.3590e-02,  7.5044e-03],
          [ 2.8275e-02, -2.1154e-01,  3.0559e-02],
          [ 4.8579e-02, -3.4970e-01, -8.2949e-02]],

         [[-4.0766e-02,  8.8326e-02,  4.0100e-02],
          [ 1.0862e-01,  9.3083e-02,  1.5208e-02],
          [-5.1282e-02, -4.0205e-02,  2.2157e-02]],

         [[ 5.4916e-02, -1.6814e-02, -2.0485e-02],
          [ 1.7102e-02, -6.4139e-02,  2.5939e-02],
          [-7.6215e-02, -8.6206e-02, -3.6123e-02]],

         [[ 1.2311e-03,  3.5972e-02,  5.4582e-02],
          [-5.6248e-02, -3.6016e-02,  1.9679e-02],
          [-2.9782e-02, -1.4135e-05,  5.6382e-02]],

         [[-1.4323e-02,  2.5394e-02,  4.9817e-02],
          [ 1.4472e-02, -3.8822e-02, -8.6322e-02],
          [-4.9575e-02, -3.9874e-02, -9.1573e-03]],

         [[-1.7060e-02,  6.1280e-03,  7.8705e-03],
          [-2.7507e-03, -3.4226e-03, -1.8075e-01],
          [ 1.3677e-02, -7.8137e-03, -6.2812e-02]],

         [[ 6.5434e-03, -4.8286e-02, -9.0918e-02],
          [-4.1866e-02, -8.2125e-02,  4.0347e-02],
          [-1.0343e-02, -4.6807e-03, -8.1763e-02]],

         [[-7.0397e-03,  9.4186e-02,  1.9695e-02],
          [-6.5142e-03,  7.1868e-02,  6.8247e-02],
          [ 4.9639e-02, -5.0766e-02,  6.2244e-03]]]], device='cuda:0')

----------------------colour_head.0.bias----------------------
tensor([-0.0475, -0.0473,  0.0576], device='cuda:0')

----------------------blending_mask_head.0.weight----------------------
tensor([[[[-0.1712, -0.1605, -0.1377],
          [-0.0082, -0.1802, -0.2296],
          [-0.1675, -0.0741, -0.1394]],

         [[ 0.5455,  0.5349,  0.4901],
          [ 0.5367,  0.4897,  0.5340],
          [ 0.4517,  0.5352,  0.5623]],

         [[ 0.3668,  0.4612,  0.3180],
          [ 0.3996,  0.4695,  0.3975],
          [ 0.3564,  0.3405,  0.3539]],

         [[-0.4151, -0.6011, -0.2778],
          [-0.6768, -1.0556, -0.3561],
          [-0.2876, -0.5038, -0.1058]],

         [[-0.1142, -0.0128, -0.0877],
          [-0.0603, -0.1311, -0.0199],
          [-0.0482, -0.1300, -0.2164]],

         [[ 0.1373,  0.0069,  0.0533],
          [ 0.0112, -0.0154, -0.0639],
          [ 0.0816,  0.0735, -0.0989]],

         [[ 0.0065, -0.1866, -0.2474],
          [-0.0193, -0.0618, -0.0944],
          [-0.0736, -0.0626, -0.2375]],

         [[ 0.0060, -0.0134, -0.0120],
          [ 0.0914, -0.0567,  0.0396],
          [-0.2013, -0.3681, -0.2300]],

         [[ 0.1793, -0.3495, -0.2157],
          [ 0.1294, -0.4714, -0.3914],
          [ 0.1374, -0.2975, -0.1802]],

         [[ 0.1361,  0.1165, -0.0224],
          [ 0.0700,  0.0575,  0.0676],
          [ 0.0260, -0.0779, -0.0519]],

         [[ 0.3308,  0.3599,  0.3485],
          [ 0.3087,  0.2718,  0.3059],
          [ 0.2443,  0.3885,  0.3815]],

         [[ 0.3266,  0.2952,  0.3676],
          [ 0.2677,  0.3953,  0.2074],
          [ 0.2636,  0.3061,  0.3793]],

         [[ 0.2846,  0.3221,  0.2496],
          [ 0.3903,  0.3185,  0.2811],
          [ 0.3604,  0.2329,  0.2011]],

         [[ 0.0520,  0.0874, -0.1355],
          [-0.0253, -0.0859, -0.2558],
          [ 0.0894,  0.0142, -0.1245]],

         [[ 0.2588,  0.3381,  0.2177],
          [ 0.4056,  0.3040,  0.2985],
          [ 0.3148,  0.2770,  0.3523]],

         [[ 0.0811,  0.0704, -0.0521],
          [ 0.0413,  0.0596,  0.0145],
          [-0.0569,  0.0274,  0.0136]]]], device='cuda:0')

----------------------blending_mask_head.0.bias----------------------
tensor([0.4697], device='cuda:0')
