
----------------------input_conv.weight----------------------
tensor([[[[ 0.1506,  0.1479,  0.0771],
          [ 0.1706,  0.0785,  0.1119],
          [-0.0026,  0.1007,  0.1577]],

         [[-0.0264,  0.1158,  0.0816],
          [ 0.1177,  0.0751,  0.1011],
          [-0.0020,  0.0825,  0.0503]],

         [[-0.0997, -0.0463, -0.0750],
          [-0.0697, -0.0821,  0.0144],
          [-0.1651, -0.1393, -0.0889]],

         ...,

         [[-0.0377,  0.0684, -0.0251],
          [ 0.0699, -0.0053,  0.0499],
          [-0.0503, -0.0333,  0.0212]],

         [[ 0.0180, -0.0268,  0.0551],
          [ 0.0631, -0.0721, -0.0537],
          [ 0.0858, -0.0348, -0.0364]],

         [[-0.0496, -0.0116,  0.0675],
          [ 0.0308, -0.0264,  0.0457],
          [-0.0223, -0.0382, -0.0095]]],


        [[[-0.0961, -0.0716,  0.1251],
          [ 0.0043,  0.0256, -0.0718],
          [-0.0835, -0.0235,  0.0459]],

         [[-0.0927, -0.0473, -0.0239],
          [-0.0106, -0.0365,  0.0165],
          [-0.0827, -0.0551, -0.0218]],

         [[-0.0447, -0.0864,  0.1077],
          [-0.0326,  0.0789,  0.0492],
          [-0.1006,  0.0741,  0.0037]],

         ...,

         [[ 0.0330,  0.0047, -0.0038],
          [ 0.0778,  0.0950,  0.0178],
          [ 0.0019,  0.0288,  0.0347]],

         [[ 0.0243,  0.0281, -0.0862],
          [-0.0343,  0.0822,  0.0387],
          [-0.0036, -0.0568, -0.0577]],

         [[-0.0870, -0.0322,  0.0317],
          [ 0.0606,  0.0436, -0.0859],
          [-0.0587, -0.0160,  0.0923]]],


        [[[ 0.0299,  0.0555,  0.1043],
          [ 0.0308,  0.0284,  0.1093],
          [-0.0485,  0.0285, -0.0697]],

         [[ 0.0864,  0.1623,  0.1082],
          [-0.0012,  0.0015, -0.0409],
          [ 0.0653,  0.0983,  0.1046]],

         [[ 0.0422,  0.0843,  0.0290],
          [-0.0276, -0.0087, -0.0919],
          [ 0.0142, -0.0028, -0.0179]],

         ...,

         [[-0.0754, -0.0634,  0.0219],
          [-0.0687, -0.0483, -0.0386],
          [-0.0515, -0.1013, -0.0482]],

         [[-0.0419,  0.0222, -0.0367],
          [ 0.0045,  0.0864,  0.0410],
          [-0.0867,  0.0348,  0.0880]],

         [[ 0.0121,  0.0513,  0.0817],
          [-0.0279,  0.0068, -0.0800],
          [-0.0330,  0.0581,  0.0362]]],


        ...,


        [[[-0.0482,  0.0082,  0.0151],
          [-0.0187, -0.1070,  0.0672],
          [ 0.0025,  0.0512,  0.0090]],

         [[ 0.0116,  0.0608,  0.0660],
          [-0.0199, -0.0012,  0.0854],
          [ 0.0956,  0.0848,  0.1066]],

         [[-0.0622, -0.1008, -0.0129],
          [-0.1391, -0.1520, -0.0622],
          [-0.0746, -0.0693,  0.0239]],

         ...,

         [[-0.0041,  0.0336,  0.0400],
          [ 0.0246,  0.0885, -0.0308],
          [-0.0244, -0.0257, -0.0190]],

         [[-0.0751, -0.0934, -0.0929],
          [ 0.0175,  0.0510,  0.0827],
          [ 0.0743, -0.0132,  0.0110]],

         [[-0.0676,  0.0272, -0.1023],
          [ 0.0354,  0.0076,  0.0195],
          [ 0.0252, -0.0542,  0.0725]]],


        [[[ 0.0694,  0.0912,  0.0344],
          [ 0.0946,  0.0969,  0.0693],
          [ 0.1078,  0.0101,  0.0674]],

         [[ 0.0525,  0.0924,  0.1220],
          [ 0.0613,  0.0021,  0.0236],
          [ 0.0669,  0.0506, -0.0147]],

         [[ 0.1137,  0.0998, -0.0250],
          [ 0.0405,  0.0384, -0.0179],
          [ 0.0596,  0.0104, -0.0327]],

         ...,

         [[-0.0455,  0.0525, -0.0327],
          [-0.0073, -0.0196, -0.0429],
          [ 0.0901, -0.0659,  0.0529]],

         [[-0.0921, -0.0172,  0.0002],
          [ 0.0629, -0.0404,  0.0222],
          [ 0.0094,  0.0511,  0.0002]],

         [[ 0.0384, -0.0557, -0.0645],
          [ 0.0882, -0.0677, -0.0140],
          [-0.0092,  0.0965, -0.0184]]],


        [[[-0.0386,  0.0262,  0.0807],
          [ 0.0944,  0.1387,  0.0171],
          [ 0.0652, -0.0656,  0.0310]],

         [[ 0.0708,  0.1053, -0.0282],
          [ 0.0220,  0.0754, -0.0361],
          [-0.0636, -0.0719, -0.0019]],

         [[ 0.1047,  0.0867,  0.0538],
          [ 0.0981,  0.0101,  0.0605],
          [-0.0043, -0.0178,  0.0862]],

         ...,

         [[ 0.0383,  0.0948, -0.0322],
          [ 0.0501,  0.0546,  0.0695],
          [-0.0194, -0.0066,  0.0462]],

         [[ 0.0312,  0.0654, -0.0572],
          [ 0.0084,  0.0376, -0.0950],
          [-0.0105, -0.0512,  0.0322]],

         [[-0.0348,  0.0152,  0.0660],
          [-0.0797, -0.0728, -0.0409],
          [ 0.0701,  0.0729, -0.0573]]]], device='cuda:0')

----------------------input_conv.bias----------------------
tensor([ 0.0466,  0.0028, -0.0026,  0.1059,  0.0802,  0.0031,  0.0541,  0.0754,
         0.0680, -0.0212, -0.0277,  0.0994,  0.0082,  0.0879,  0.0082,  0.0478],
       device='cuda:0')

----------------------body.0.weight----------------------
tensor([[[[ 0.0363,  0.0268, -0.0161],
          [ 0.0779, -0.0047,  0.0078],
          [ 0.0646,  0.0789, -0.0510]],

         [[ 0.0375,  0.0073, -0.0343],
          [ 0.0582, -0.0425,  0.0274],
          [ 0.0514, -0.0777, -0.0610]],

         [[-0.0690,  0.0012, -0.0526],
          [-0.0132,  0.0347,  0.0792],
          [ 0.0541,  0.0614,  0.0582]],

         ...,

         [[-0.0390,  0.0587,  0.0612],
          [-0.0648,  0.0675, -0.0013],
          [ 0.0309,  0.0984,  0.0797]],

         [[ 0.0395,  0.0786,  0.0490],
          [ 0.0247, -0.0511,  0.0410],
          [-0.0466,  0.0418,  0.0323]],

         [[ 0.0009, -0.0524, -0.0459],
          [ 0.0723,  0.0628,  0.0641],
          [-0.0152,  0.0086, -0.0065]]],


        [[[ 0.0798, -0.0355,  0.0558],
          [ 0.0870,  0.0076,  0.0455],
          [ 0.0647, -0.0042,  0.1424]],

         [[-0.0095,  0.0348, -0.0006],
          [ 0.0096, -0.0306,  0.0456],
          [-0.0198,  0.0089, -0.0249]],

         [[-0.0373,  0.0386,  0.0012],
          [ 0.0409, -0.0409, -0.0340],
          [ 0.0812, -0.0380, -0.0222]],

         ...,

         [[-0.0273,  0.0434,  0.0330],
          [ 0.0273, -0.0151,  0.0601],
          [ 0.0275,  0.0134,  0.0208]],

         [[-0.0044, -0.0771,  0.0489],
          [-0.0607, -0.0758, -0.0517],
          [ 0.0114, -0.0091,  0.0437]],

         [[-0.0088,  0.0384, -0.0045],
          [-0.0677, -0.0238,  0.0261],
          [ 0.0045,  0.0341,  0.0514]]],


        [[[-0.0866, -0.0878, -0.0721],
          [-0.1163, -0.0957, -0.1231],
          [-0.0165,  0.0052, -0.0478]],

         [[-0.0545, -0.0531, -0.0189],
          [ 0.0337,  0.0116,  0.0265],
          [ 0.0942,  0.0519,  0.0397]],

         [[-0.0055,  0.0520,  0.0434],
          [-0.0661, -0.0370,  0.0172],
          [ 0.0276,  0.0391, -0.0460]],

         ...,

         [[ 0.0097,  0.0031, -0.0776],
          [-0.0093, -0.0305,  0.0850],
          [ 0.0615,  0.0649,  0.0583]],

         [[-0.0517, -0.0327, -0.0217],
          [-0.0308,  0.0722,  0.0416],
          [ 0.0689,  0.0043, -0.0676]],

         [[-0.0285,  0.0543,  0.0508],
          [ 0.0176, -0.0300, -0.0729],
          [-0.0456,  0.0440, -0.0318]]],


        ...,


        [[[-0.0179, -0.0463, -0.1118],
          [-0.0181, -0.1429, -0.0441],
          [-0.0344, -0.0229, -0.0259]],

         [[ 0.0476, -0.0263, -0.0703],
          [-0.0680, -0.0403,  0.0385],
          [-0.0572, -0.0258, -0.0568]],

         [[ 0.0676, -0.0048,  0.1037],
          [ 0.0756,  0.0807,  0.1046],
          [ 0.0137,  0.0421, -0.0366]],

         ...,

         [[-0.0211, -0.0944,  0.0008],
          [ 0.0477, -0.0272,  0.0277],
          [ 0.0122, -0.0195, -0.0669]],

         [[ 0.0507, -0.0482,  0.0136],
          [ 0.0420, -0.0169,  0.0342],
          [ 0.0232,  0.0456,  0.0450]],

         [[-0.0220, -0.0291, -0.0078],
          [-0.0168,  0.0702, -0.0285],
          [-0.0354,  0.0333,  0.0472]]],


        [[[ 0.0111, -0.0303,  0.0632],
          [ 0.0884,  0.1225,  0.0733],
          [ 0.1031, -0.0196,  0.1218]],

         [[-0.0434, -0.0322,  0.0723],
          [-0.0079,  0.0384, -0.0616],
          [ 0.0272,  0.0445, -0.0051]],

         [[ 0.0700, -0.0574, -0.0192],
          [ 0.0246,  0.0432, -0.0415],
          [ 0.0502, -0.0319, -0.0495]],

         ...,

         [[ 0.0955,  0.0543, -0.0381],
          [ 0.0918, -0.0555,  0.0410],
          [ 0.0804,  0.0861,  0.0013]],

         [[-0.0712,  0.0053,  0.0333],
          [-0.0641, -0.0433, -0.0809],
          [ 0.0060, -0.0228,  0.0047]],

         [[-0.0289, -0.0780, -0.0391],
          [-0.0615, -0.0240,  0.0198],
          [-0.0686, -0.0137, -0.0941]]],


        [[[-0.0345, -0.0573, -0.0269],
          [-0.0232,  0.0252,  0.0499],
          [ 0.0943,  0.0217,  0.0060]],

         [[-0.0487,  0.0126, -0.0674],
          [ 0.0213, -0.1029, -0.0882],
          [-0.0054, -0.0751, -0.0180]],

         [[ 0.0593,  0.0290,  0.0730],
          [-0.0294, -0.0202, -0.0051],
          [-0.0139, -0.0205,  0.0048]],

         ...,

         [[ 0.0542, -0.0749,  0.0142],
          [-0.0801,  0.0414,  0.0065],
          [ 0.0023, -0.0587,  0.0054]],

         [[-0.0243,  0.0350,  0.0828],
          [-0.0318,  0.0132,  0.0455],
          [ 0.0459,  0.0445,  0.0953]],

         [[-0.0195,  0.0163,  0.0362],
          [-0.0079,  0.0648,  0.0596],
          [ 0.0525, -0.0034,  0.0790]]]], device='cuda:0')

----------------------body.0.bias----------------------
tensor([-0.0234,  0.0573,  0.0264,  0.0409, -0.0391,  0.0254, -0.0316,  0.0484,
         0.0162, -0.0234,  0.0390,  0.0177,  0.0905,  0.0657,  0.0530,  0.0195],
       device='cuda:0')

----------------------feature_head.weight----------------------
tensor([[[[ 0.0445, -0.0789,  0.0556],
          [-0.0098,  0.0472,  0.0239],
          [-0.0044,  0.0587, -0.0486]],

         [[ 0.0235,  0.0365, -0.0297],
          [ 0.0302, -0.0824, -0.0421],
          [ 0.0405,  0.0430, -0.0765]],

         [[ 0.0288,  0.0078,  0.0813],
          [-0.0813, -0.0199, -0.0472],
          [-0.0507, -0.0136, -0.0766]],

         [[ 0.0653, -0.0295,  0.0292],
          [-0.0490,  0.0004, -0.0590],
          [ 0.0671,  0.0703,  0.0656]],

         [[-0.0292,  0.0519, -0.0696],
          [ 0.0382, -0.0103, -0.0691],
          [-0.0669, -0.0780,  0.0156]],

         [[-0.0301, -0.0384,  0.0793],
          [-0.0254,  0.0281, -0.0147],
          [ 0.0503,  0.0249,  0.0528]],

         [[ 0.0218, -0.0183,  0.0737],
          [-0.0059, -0.0499,  0.0259],
          [-0.0101, -0.0618,  0.0109]],

         [[-0.0194, -0.0332, -0.0398],
          [-0.0355, -0.0337,  0.0082],
          [ 0.0805, -0.0488, -0.0389]],

         [[-0.0559, -0.0032,  0.0058],
          [-0.0572,  0.0381, -0.0747],
          [ 0.0771,  0.0157, -0.0084]],

         [[-0.0298,  0.0374,  0.0609],
          [-0.0545, -0.0209,  0.0613],
          [-0.0156, -0.0614, -0.0268]],

         [[ 0.0029, -0.0156, -0.0571],
          [-0.0522,  0.0225,  0.0572],
          [ 0.0758, -0.0094,  0.0321]],

         [[-0.0662,  0.0444,  0.0796],
          [ 0.0434, -0.0329,  0.0679],
          [-0.0789, -0.0100, -0.0206]],

         [[-0.0831, -0.0475, -0.0607],
          [ 0.0224, -0.0069,  0.0383],
          [-0.0187,  0.0687,  0.0094]],

         [[ 0.0691,  0.0677, -0.0707],
          [-0.0560,  0.0502,  0.0787],
          [-0.0711,  0.0012, -0.0320]],

         [[ 0.0785,  0.0692,  0.0607],
          [ 0.0448, -0.0078,  0.0769],
          [-0.0390,  0.0041, -0.0219]],

         [[-0.0608, -0.0395,  0.0202],
          [-0.0074, -0.0552, -0.0106],
          [ 0.0144, -0.0583,  0.0503]]],


        [[[-0.0708,  0.0008, -0.0682],
          [-0.0751, -0.0104,  0.0756],
          [ 0.0788,  0.0300,  0.0646]],

         [[-0.0456,  0.0469,  0.0508],
          [-0.0796, -0.0639,  0.0360],
          [ 0.0077, -0.0564, -0.0658]],

         [[ 0.0602,  0.0091, -0.0002],
          [-0.0806,  0.0731, -0.0551],
          [ 0.0371, -0.0100,  0.0027]],

         [[ 0.0409, -0.0222, -0.0234],
          [ 0.0664, -0.0639,  0.0371],
          [-0.0215, -0.0278,  0.0558]],

         [[ 0.0141, -0.0776,  0.0745],
          [-0.0414,  0.0720, -0.0262],
          [ 0.0813,  0.0246, -0.0040]],

         [[ 0.0318, -0.0026, -0.0413],
          [ 0.0456,  0.0541, -0.0104],
          [ 0.0784,  0.0053, -0.0441]],

         [[-0.0454,  0.0561, -0.0338],
          [ 0.0526, -0.0809,  0.0029],
          [-0.0576,  0.0296,  0.0677]],

         [[ 0.0328, -0.0287, -0.0782],
          [-0.0395, -0.0492,  0.0796],
          [-0.0448,  0.0322,  0.0669]],

         [[ 0.0300, -0.0731, -0.0095],
          [-0.0247,  0.0537, -0.0078],
          [-0.0044,  0.0741,  0.0198]],

         [[ 0.0386, -0.0268,  0.0545],
          [ 0.0120, -0.0167,  0.0161],
          [-0.0656,  0.0031,  0.0382]],

         [[-0.0780, -0.0443,  0.0522],
          [ 0.0019, -0.0028,  0.0085],
          [-0.0374,  0.0689, -0.0083]],

         [[-0.0303,  0.0439, -0.0694],
          [-0.0154,  0.0084, -0.0259],
          [ 0.0454, -0.0712, -0.0240]],

         [[-0.0350,  0.0771,  0.0333],
          [-0.0622,  0.0323, -0.0018],
          [ 0.0763,  0.0460, -0.0487]],

         [[ 0.0743, -0.0149, -0.0190],
          [ 0.0249,  0.0828,  0.0251],
          [-0.0804, -0.0266,  0.0776]],

         [[-0.0294, -0.0401, -0.0664],
          [-0.0460, -0.0456,  0.0199],
          [ 0.0333,  0.0795,  0.0547]],

         [[ 0.0012,  0.0449,  0.0476],
          [-0.0719,  0.0420, -0.0570],
          [ 0.0644, -0.0362,  0.0173]]],


        [[[-0.0009,  0.0387,  0.0130],
          [-0.0604,  0.0338,  0.0492],
          [-0.0434, -0.0541, -0.0567]],

         [[-0.0405, -0.0105,  0.0062],
          [-0.0006, -0.0220,  0.0517],
          [ 0.0044, -0.0484, -0.0221]],

         [[-0.0490, -0.0294, -0.0786],
          [ 0.0146, -0.0646,  0.0322],
          [ 0.0571, -0.0620, -0.0440]],

         [[-0.0658,  0.0222,  0.0161],
          [-0.0430,  0.0503,  0.0346],
          [-0.0753, -0.0045, -0.0359]],

         [[-0.0144,  0.0464, -0.0090],
          [-0.0579,  0.0586, -0.0762],
          [-0.0286,  0.0321,  0.0737]],

         [[ 0.0809, -0.0196,  0.0278],
          [-0.0732, -0.0162, -0.0259],
          [ 0.0237, -0.0546,  0.0180]],

         [[ 0.0431,  0.0649, -0.0141],
          [ 0.0761, -0.0787, -0.0236],
          [ 0.0316,  0.0214,  0.0392]],

         [[-0.0553,  0.0513, -0.0782],
          [-0.0571, -0.0057, -0.0810],
          [-0.0792, -0.0740,  0.0670]],

         [[ 0.0183, -0.0266, -0.0034],
          [-0.0726, -0.0787, -0.0581],
          [-0.0806,  0.0548, -0.0292]],

         [[-0.0225, -0.0718,  0.0138],
          [-0.0125, -0.0567,  0.0534],
          [ 0.0702, -0.0594,  0.0472]],

         [[-0.0135, -0.0008,  0.0355],
          [-0.0152,  0.0708,  0.0513],
          [-0.0541, -0.0507, -0.0826]],

         [[ 0.0267, -0.0627, -0.0698],
          [-0.0534, -0.0824, -0.0679],
          [ 0.0743,  0.0465,  0.0738]],

         [[-0.0404, -0.0342, -0.0292],
          [ 0.0016, -0.0598,  0.0122],
          [-0.0534,  0.0132,  0.0763]],

         [[ 0.0141,  0.0608, -0.0594],
          [-0.0118, -0.0515, -0.0092],
          [-0.0331, -0.0473, -0.0805]],

         [[-0.0309,  0.0112, -0.0147],
          [-0.0776,  0.0626,  0.0618],
          [-0.0502,  0.0085,  0.0553]],

         [[-0.0791, -0.0736,  0.0462],
          [-0.0017,  0.0265, -0.0347],
          [ 0.0151,  0.0553, -0.0204]]]], device='cuda:0')

----------------------feature_head.bias----------------------
tensor([-0.0269, -0.0793, -0.0129], device='cuda:0')

----------------------colour_head.0.weight----------------------
tensor([[[[ 5.3487e-02, -6.8640e-02,  8.8087e-04],
          [ 7.8479e-02,  6.7280e-03, -6.7001e-03],
          [ 4.4323e-03, -7.4745e-03,  2.0962e-02]],

         [[-5.3304e-02,  4.2979e-02, -9.1460e-03],
          [ 2.1308e-02,  1.7073e-02,  6.3610e-02],
          [-3.0173e-02, -6.0815e-02, -4.9512e-02]],

         [[-5.4159e-02, -3.3432e-02,  6.0432e-02],
          [-6.1443e-02, -4.2018e-02, -6.9983e-02],
          [-3.3875e-02,  1.5910e-04, -4.9880e-02]],

         [[ 1.5324e-02, -9.3858e-02, -1.3222e-01],
          [-1.1980e-02, -1.5798e-01, -2.2312e-02],
          [-2.9417e-02, -4.3534e-03,  3.7744e-02]],

         [[ 5.0716e-02,  5.3569e-02, -3.9019e-02],
          [-3.8842e-02,  6.0281e-02,  5.3322e-02],
          [ 9.2047e-02,  1.5125e-02,  1.8539e-03]],

         [[ 4.9791e-02,  1.1822e-02,  7.7897e-02],
          [-2.0806e-02,  2.6594e-03,  2.5413e-02],
          [ 6.0743e-02, -4.9609e-02, -9.4062e-03]],

         [[ 5.9614e-02,  4.2626e-02,  6.3639e-02],
          [-1.2211e-02, -2.1588e-02, -6.1221e-02],
          [-2.6006e-02, -4.5891e-02,  1.8117e-02]],

         [[-7.4538e-03, -3.6534e-02,  5.9150e-02],
          [ 5.5872e-02,  5.8697e-02, -3.6763e-04],
          [ 2.0988e-02, -6.2268e-02,  1.4441e-02]],

         [[-1.9771e-02, -7.4066e-02, -4.0149e-02],
          [-7.0857e-03, -2.0902e-01, -1.1088e-01],
          [-6.5059e-02, -2.8280e-01, -2.2907e-01]],

         [[-1.7824e-02,  2.1627e-02,  5.5169e-02],
          [ 1.4801e-02,  1.2876e-01, -2.6431e-02],
          [-2.7972e-02,  1.0561e-02, -1.6666e-02]],

         [[ 2.8985e-02,  7.1084e-02,  2.8316e-02],
          [-6.5001e-02, -3.7141e-02, -1.6258e-02],
          [-6.9271e-02,  2.3745e-02,  7.6851e-02]],

         [[ 2.4873e-02,  1.7735e-02,  1.1904e-02],
          [-4.9474e-02, -1.0439e-02,  1.0569e-01],
          [-4.4628e-02,  1.4777e-02, -2.9981e-02]],

         [[-7.2448e-03,  1.3267e-02, -6.4574e-02],
          [ 3.7882e-02, -6.6582e-02, -4.3038e-02],
          [ 7.3404e-02,  7.7395e-02, -1.5428e-02]],

         [[-3.6785e-02, -2.7524e-02,  1.0233e-04],
          [-3.8902e-02,  8.6308e-02, -5.0571e-02],
          [ 3.5946e-02,  3.8954e-02, -4.0180e-03]],

         [[ 7.4625e-02,  5.6006e-02,  3.1621e-03],
          [-4.1848e-02, -1.5431e-02,  4.0381e-02],
          [ 7.5359e-02, -1.5992e-02, -2.4143e-02]],

         [[-7.4786e-02,  6.4393e-02,  8.3858e-02],
          [ 7.9073e-02, -4.5775e-03,  7.9589e-02],
          [-4.5806e-03,  6.2260e-02,  5.8787e-02]]],


        [[[-4.1209e-02,  3.6663e-02,  3.7480e-02],
          [-2.5556e-02,  1.0506e-01,  8.3920e-02],
          [ 8.4267e-02,  1.6672e-02, -2.7266e-02]],

         [[-7.5138e-02,  1.5384e-02, -7.5180e-03],
          [ 4.0772e-02,  5.1160e-02,  4.1362e-03],
          [-8.6596e-02,  1.1494e-02,  5.3994e-02]],

         [[-1.4289e-02, -1.5316e-02,  1.0392e-02],
          [ 1.2333e-02, -4.8837e-02,  4.8452e-02],
          [ 3.8848e-02, -2.1588e-02, -2.7609e-02]],

         [[-3.4479e-02, -1.0463e-01, -1.4837e-01],
          [-3.0408e-02, -1.3723e-01, -6.0893e-03],
          [ 2.2020e-02, -1.2988e-02,  8.2738e-02]],

         [[ 5.0140e-02, -2.0445e-02, -8.3834e-03],
          [-5.1571e-02,  6.3717e-03,  7.2617e-03],
          [-4.7808e-02,  4.9966e-02,  6.6586e-02]],

         [[-3.5477e-02,  5.4536e-02, -4.1343e-02],
          [ 1.2964e-02,  7.6210e-02,  3.3149e-02],
          [ 4.1812e-02, -8.9040e-03,  9.0289e-02]],

         [[ 3.2891e-03,  5.9189e-02,  1.9784e-02],
          [ 5.9384e-02,  2.2622e-02,  2.4251e-02],
          [ 3.3095e-02,  5.1987e-02, -1.4768e-02]],

         [[ 5.1301e-02,  1.0212e-01, -1.9407e-03],
          [ 3.2646e-02,  1.0092e-01,  8.4974e-02],
          [-4.7178e-02,  3.4646e-02, -8.0502e-02]],

         [[ 1.7991e-02, -2.5006e-02,  1.7705e-02],
          [-1.1844e-02, -1.6577e-01, -9.9056e-02],
          [-5.7524e-02, -3.0090e-01, -2.1059e-01]],

         [[ 7.3088e-03,  8.0619e-02, -1.2193e-02],
          [ 2.7240e-02,  8.4578e-02, -3.0208e-02],
          [-7.0882e-02,  6.2159e-02, -2.6585e-02]],

         [[ 4.9280e-02, -8.0790e-02, -9.8319e-03],
          [ 3.9257e-02, -2.3778e-02,  3.0028e-02],
          [-8.0845e-02,  7.1159e-02, -3.7952e-02]],

         [[ 9.0757e-03, -3.1601e-02,  8.2425e-03],
          [-7.2513e-02, -7.5078e-02,  1.8858e-02],
          [-3.8852e-02,  4.3027e-02, -1.9156e-03]],

         [[ 4.6009e-02, -2.6474e-02,  7.2957e-03],
          [ 6.2300e-02, -7.8313e-02, -5.2402e-02],
          [ 5.8206e-02, -3.1643e-02, -3.5931e-02]],

         [[ 1.9616e-02, -5.7478e-03,  1.0278e-02],
          [ 2.4824e-03,  5.7731e-02, -3.1842e-02],
          [-1.0194e-02,  9.2955e-03,  2.0831e-02]],

         [[ 4.5185e-02, -5.7956e-02, -3.9190e-02],
          [-7.0970e-02,  4.7351e-02,  7.4614e-02],
          [-6.1388e-02,  3.7142e-02,  2.3646e-02]],

         [[-1.1926e-02,  4.3351e-02,  7.4665e-02],
          [ 1.1248e-01,  7.6474e-02,  1.5167e-02],
          [-3.1139e-02, -1.6298e-02,  1.0596e-02]]],


        [[[-7.2880e-03,  5.9660e-02, -7.5286e-02],
          [ 1.9197e-02, -6.5023e-03,  1.4724e-02],
          [ 8.5901e-02,  1.2575e-02, -9.4917e-03]],

         [[-1.6226e-02, -7.0507e-02, -6.0363e-02],
          [ 4.7763e-02, -4.7120e-02,  4.7623e-02],
          [-1.2567e-02,  3.5638e-02,  6.0413e-02]],

         [[ 1.5159e-02,  3.8435e-02,  7.0359e-02],
          [-1.9430e-02,  7.6178e-02, -6.3979e-02],
          [ 8.6344e-02, -5.1724e-03,  1.0968e-03]],

         [[-4.2163e-02, -1.6277e-01, -1.1401e-01],
          [-1.4674e-02, -1.1165e-01,  1.1161e-02],
          [ 4.5821e-02,  5.0475e-02,  3.9887e-02]],

         [[ 6.9381e-02, -2.1017e-02,  4.3780e-03],
          [-5.5252e-02, -1.3587e-02,  1.1546e-02],
          [-3.0790e-02,  6.4180e-02,  6.1311e-02]],

         [[-1.4594e-02,  3.4582e-03,  8.5844e-02],
          [ 1.1193e-02,  9.8636e-02,  9.6614e-02],
          [-2.5505e-02, -6.5722e-02,  7.9331e-02]],

         [[-2.0456e-02,  8.4603e-02, -4.7441e-02],
          [-3.6774e-03,  2.4026e-02, -2.1219e-02],
          [ 7.0203e-02, -4.4939e-02, -1.0374e-02]],

         [[-2.3081e-02,  6.2455e-02,  3.2464e-02],
          [ 1.6522e-02,  1.2211e-02,  3.4007e-02],
          [-5.5612e-02, -4.2010e-02, -3.4523e-02]],

         [[ 3.8555e-02, -4.5223e-02, -3.3604e-02],
          [-2.5625e-02, -1.8574e-01, -9.8107e-02],
          [-4.8036e-02, -1.9697e-01, -2.7028e-01]],

         [[-5.2214e-02,  7.3851e-02,  3.5991e-02],
          [ 9.8632e-02,  7.3477e-02,  7.3392e-04],
          [-4.4511e-02, -5.6554e-02, -1.8272e-03]],

         [[ 7.3360e-02, -6.3690e-03, -1.7595e-02],
          [ 4.2517e-02, -4.2936e-02,  3.5157e-02],
          [-5.4292e-02, -6.6382e-02, -3.0360e-02]],

         [[-5.8779e-03,  5.2190e-02,  7.0205e-02],
          [-6.5609e-02,  2.6292e-03,  7.1365e-02],
          [-3.7174e-02,  5.2365e-03,  7.4525e-02]],

         [[-2.9654e-02,  2.7455e-02,  4.4614e-02],
          [ 2.2663e-02, -2.9160e-02, -7.5290e-02],
          [-5.0299e-02, -2.6052e-02,  6.2041e-03]],

         [[-7.9345e-04, -1.2753e-02,  2.9065e-02],
          [-3.1326e-02,  3.7519e-02, -4.8731e-02],
          [ 2.1031e-02,  1.0118e-01,  3.9080e-02]],

         [[-7.3295e-03, -4.9180e-02, -9.0913e-02],
          [-6.6973e-02, -8.7781e-02,  3.8503e-02],
          [-3.5127e-02, -1.6532e-02, -8.7511e-02]],

         [[-2.4436e-02,  7.6078e-02,  1.5825e-02],
          [-9.3249e-03,  5.9118e-02,  6.8811e-02],
          [ 5.6853e-02, -5.7212e-02,  3.3794e-03]]]], device='cuda:0')

----------------------colour_head.0.bias----------------------
tensor([-0.0534, -0.0309,  0.0555], device='cuda:0')

----------------------blending_mask_head.0.weight----------------------
tensor([[[[-0.0385, -0.0155,  0.0574],
          [ 0.1152, -0.0451, -0.0264],
          [-0.0073,  0.0920,  0.0690]],

         [[ 0.2590,  0.2634,  0.1948],
          [ 0.2774,  0.2164,  0.2275],
          [ 0.1979,  0.2562,  0.2583]],

         [[ 0.1011,  0.1894,  0.0862],
          [ 0.1259,  0.1879,  0.1495],
          [ 0.0673,  0.0597,  0.1032]],

         [[ 0.0628, -0.0222,  0.0131],
          [-0.0133, -0.1606, -0.1963],
          [ 0.0321, -0.0755, -0.0809]],

         [[-0.0442,  0.0935,  0.0473],
          [-0.0307, -0.0465,  0.0912],
          [ 0.0533,  0.0065, -0.0551]],

         [[ 0.0858, -0.0210,  0.0689],
          [-0.0413, -0.0327, -0.0455],
          [ 0.1010,  0.1031, -0.0492]],

         [[ 0.1014, -0.0171, -0.0472],
          [ 0.0795,  0.0845,  0.0788],
          [ 0.0530,  0.1146, -0.0414]],

         [[ 0.1665,  0.1106,  0.1199],
          [ 0.1715,  0.0596,  0.1483],
          [ 0.0168,  0.0962,  0.0396]],

         [[ 0.0187,  0.0236, -0.1429],
          [-0.0790,  0.0288, -0.1642],
          [ 0.1108,  0.0688, -0.0077]],

         [[ 0.1601,  0.1511,  0.0626],
          [ 0.1220,  0.1104,  0.1661],
          [ 0.1367,  0.0211,  0.0740]],

         [[ 0.2377,  0.2629,  0.2348],
          [ 0.2228,  0.1780,  0.2016],
          [ 0.1359,  0.2659,  0.2686]],

         [[-0.0073, -0.0251,  0.1170],
          [-0.0461,  0.0927, -0.0362],
          [-0.0200, -0.0132,  0.1091]],

         [[ 0.1719,  0.2556,  0.2045],
          [ 0.2700,  0.2409,  0.2399],
          [ 0.2632,  0.1621,  0.1574]],

         [[ 0.0819,  0.1379,  0.0272],
          [-0.0062, -0.0015,  0.0244],
          [ 0.0652,  0.0543,  0.0402]],

         [[ 0.0800,  0.1395,  0.0488],
          [ 0.2007,  0.1044,  0.1287],
          [ 0.1506,  0.0875,  0.1839]],

         [[ 0.0465,  0.0500, -0.0441],
          [ 0.0593,  0.0781,  0.0519],
          [ 0.0284,  0.0998,  0.0941]]]], device='cuda:0')

----------------------blending_mask_head.0.bias----------------------
tensor([0.1652], device='cuda:0')
