
----------------------input_conv.weight----------------------
tensor([[[[ 1.0706e-01,  1.2184e-01,  4.4238e-03],
          [ 1.3451e-01,  3.5741e-02,  5.8726e-02],
          [ 6.5649e-03,  1.2482e-01,  1.3288e-01]],

         [[-5.4043e-02,  1.1289e-01,  3.8596e-02],
          [ 9.9735e-02,  5.3064e-02,  7.4206e-02],
          [ 2.3799e-02,  1.2520e-01,  4.7953e-02]],

         [[-3.3393e-02,  3.5111e-02, -4.1521e-02],
          [-6.5228e-03, -2.6935e-02,  6.9642e-02],
          [-6.3080e-02, -2.5492e-02, -1.8858e-02]],

         ...,

         [[-2.0142e-02,  5.0055e-02,  2.4228e-03],
          [ 1.0041e-01, -3.7961e-02, -3.3231e-02],
          [-4.7932e-02,  1.1767e-01,  7.0920e-02]],

         [[ 1.1105e-01, -7.0186e-02, -7.6207e-02],
          [-7.9332e-02, -5.2805e-02,  7.0723e-02],
          [ 3.7574e-02,  9.9596e-02, -2.5534e-02]],

         [[-7.7240e-02,  5.2629e-02, -4.5360e-02],
          [ 5.8197e-02, -2.8514e-02,  5.6678e-02],
          [-9.0547e-02, -6.0077e-02,  2.5083e-02]]],


        [[[ 4.1219e-02, -3.1150e-02,  3.4945e-02],
          [ 7.5455e-02, -5.0160e-02, -3.0561e-02],
          [ 1.2170e-01,  7.5699e-03, -2.0732e-02]],

         [[-1.0457e-01, -8.6972e-02, -6.1176e-03],
          [-3.4587e-02, -8.3412e-02,  7.7986e-03],
          [-5.1256e-02, -6.7368e-02, -5.8519e-02]],

         [[-1.2924e-01, -1.2268e-01,  4.9705e-02],
          [-4.0377e-02, -1.7030e-02, -1.3418e-01],
          [-7.1577e-02, -4.4075e-02, -1.0421e-02]],

         ...,

         [[-4.9674e-02,  1.0486e-01, -6.7767e-02],
          [ 7.5192e-02,  5.0831e-02,  4.9227e-02],
          [-2.9677e-02,  1.2094e-01,  5.1306e-02]],

         [[ 4.9300e-02, -7.1939e-02,  6.8444e-02],
          [ 2.3184e-02, -1.3445e-02,  1.2764e-01],
          [ 8.1058e-02, -5.5319e-03,  6.2011e-04]],

         [[-4.3192e-02,  2.1456e-02, -6.1312e-02],
          [-9.5156e-02, -7.0284e-02, -1.1154e-01],
          [ 3.5347e-03,  4.6122e-02, -1.3367e-01]]],


        [[[ 5.1337e-02,  9.9935e-02,  7.5366e-02],
          [ 1.1969e-02,  1.2037e-01,  1.1651e-01],
          [ 5.9104e-02,  1.6205e-02,  1.4069e-02]],

         [[ 1.1051e-02, -2.9735e-03, -5.2828e-03],
          [ 8.3439e-02,  1.2485e-01,  2.2186e-02],
          [-3.2327e-02,  1.1230e-02,  1.0481e-02]],

         [[ 4.1084e-02,  6.2163e-02, -5.6680e-02],
          [-6.9610e-03,  1.4186e-01,  8.8123e-02],
          [ 8.1246e-04, -3.6338e-02, -3.4572e-02]],

         ...,

         [[-3.7858e-02,  1.2337e-02, -3.4307e-02],
          [-4.3819e-02,  6.4320e-02,  1.0620e-02],
          [ 7.3508e-02, -1.1147e-02, -4.6884e-02]],

         [[-7.9702e-03, -3.0008e-02, -9.6813e-04],
          [-9.3330e-02,  7.2732e-02, -4.5178e-02],
          [ 3.7999e-02,  4.8991e-02,  8.7733e-02]],

         [[-8.6703e-02,  7.0781e-02, -5.4331e-02],
          [ 3.1964e-02,  9.2746e-02, -2.0438e-02],
          [-9.8891e-03, -3.2399e-02, -9.5615e-02]]],


        ...,


        [[[ 2.1959e-02,  3.1608e-02,  8.3613e-03],
          [ 6.2212e-02,  1.9295e-01,  1.3871e-01],
          [ 1.2473e-01,  1.1921e-01,  1.5965e-01]],

         [[-1.4779e-01, -1.3271e-01, -1.1715e-01],
          [-2.0014e-01, -1.7273e-01, -7.9279e-02],
          [-1.3014e-01, -8.5696e-02, -9.9749e-02]],

         [[ 2.7978e-02,  7.0020e-02, -2.7694e-02],
          [ 1.0840e-01,  1.1682e-01, -3.7565e-02],
          [-3.8611e-02, -3.4620e-02,  4.4319e-03]],

         ...,

         [[ 5.4412e-02,  1.1006e-01, -4.1198e-02],
          [-1.3800e-02,  4.2693e-02,  2.7116e-02],
          [ 9.3782e-02, -4.5513e-02, -7.4983e-03]],

         [[ 1.9290e-02, -2.0703e-02,  5.7823e-02],
          [ 2.0208e-02, -8.3837e-02,  2.4825e-03],
          [-3.3251e-02,  2.7568e-02, -1.0205e-02]],

         [[-9.4577e-02, -1.0394e-02, -2.6685e-03],
          [-1.9165e-02,  1.0763e-01, -1.3077e-02],
          [ 7.8392e-02,  3.6316e-02, -7.9028e-02]]],


        [[[ 6.6582e-02,  1.2046e-01, -5.2819e-02],
          [-4.0611e-02,  1.4248e-01,  1.0632e-01],
          [-2.5506e-02,  1.2138e-01,  1.0795e-02]],

         [[-7.9847e-02,  2.8992e-02,  3.6800e-02],
          [-3.4055e-02,  5.0705e-02, -9.0918e-02],
          [ 7.6108e-02,  1.1139e-01,  4.9617e-02]],

         [[ 7.2581e-02,  9.1150e-02, -3.6902e-02],
          [-1.6826e-02,  1.4854e-02, -4.4535e-02],
          [-6.9324e-02,  8.8542e-02,  6.6265e-02]],

         ...,

         [[ 3.2472e-02, -5.6233e-02, -6.5136e-02],
          [ 5.7525e-02,  1.1036e-01, -6.7374e-02],
          [ 4.9571e-02, -5.2663e-02,  3.6870e-02]],

         [[ 1.0669e-01,  1.0409e-01, -4.8995e-02],
          [ 5.6731e-02,  6.1671e-02,  1.5947e-02],
          [ 9.0763e-02, -3.5209e-02, -8.8574e-03]],

         [[-4.1766e-02,  2.6475e-02,  3.9136e-02],
          [ 2.1409e-02, -4.6022e-02, -3.3288e-02],
          [ 4.7848e-02, -7.9964e-02, -2.6358e-03]]],


        [[[-7.2857e-02, -1.9824e-02,  6.9796e-03],
          [ 1.1338e-02,  2.2727e-01,  2.3814e-01],
          [ 6.6292e-03,  5.9115e-02,  2.0055e-02]],

         [[-1.6593e-02, -7.1589e-02, -2.9604e-02],
          [-2.4043e-02,  2.1559e-01,  2.5708e-01],
          [-4.9920e-02, -9.5904e-02, -9.0443e-02]],

         [[ 9.0682e-02,  2.3201e-02, -4.7110e-02],
          [ 1.3766e-01,  1.8358e-01,  1.0144e-01],
          [-1.3565e-04, -1.4564e-02,  6.2150e-02]],

         ...,

         [[ 1.1007e-02,  1.5065e-02, -9.4787e-03],
          [ 8.3866e-03,  4.8121e-02,  2.4033e-02],
          [ 8.5715e-02,  3.3618e-02,  4.7152e-02]],

         [[ 2.4538e-02, -5.0009e-02,  3.1911e-02],
          [-4.6493e-02, -1.5765e-02, -5.5133e-02],
          [-4.8940e-03, -3.4727e-02,  5.3559e-02]],

         [[ 6.0065e-02,  1.9445e-02,  6.0528e-02],
          [-8.1453e-02, -9.7830e-03,  4.3737e-03],
          [ 7.5311e-02, -7.7031e-02,  5.8290e-03]]]], device='cuda:0')

----------------------input_conv.bias----------------------
tensor([ 0.0007,  0.0095,  0.0054, -0.0360, -0.0444, -0.0162,  0.0609,  0.0656,
        -0.0183, -0.0118,  0.0153, -0.0307,  0.0883,  0.0920,  0.0232, -0.3588],
       device='cuda:0')

----------------------body.0.weight----------------------
tensor([[[[ 1.7230e-02,  4.4028e-02,  6.7725e-02],
          [-2.4901e-02, -5.9405e-02,  5.8142e-02],
          [-8.5801e-04, -1.4985e-02, -1.2134e-03]],

         [[-4.3927e-02,  1.6025e-02, -6.4586e-02],
          [ 5.2943e-02,  5.9675e-02, -1.0900e-02],
          [ 4.2809e-02,  1.1906e-03,  3.0185e-02]],

         [[-9.3896e-02,  1.4859e-02, -3.1989e-03],
          [ 1.7286e-02,  2.2574e-02,  1.5788e-02],
          [-3.1862e-02,  4.7536e-02, -3.6905e-02]],

         ...,

         [[-1.1158e-01, -3.6753e-02, -5.0051e-02],
          [-3.9923e-02,  4.4173e-02,  1.8960e-02],
          [ 8.1845e-03, -2.8167e-02, -9.7039e-03]],

         [[-5.4119e-02,  4.6742e-02,  3.2863e-02],
          [ 4.5213e-02,  8.8800e-03,  2.8971e-02],
          [ 9.0182e-03,  5.8083e-02, -2.2776e-02]],

         [[ 6.7416e-02,  8.4548e-02,  1.9303e-03],
          [ 1.8461e-02, -2.1449e-02, -1.6239e-02],
          [-6.7487e-02, -6.9606e-02,  4.0536e-02]]],


        [[[-4.8943e-02,  6.7975e-02, -5.1480e-02],
          [ 1.6879e-02,  3.6114e-02,  8.5037e-02],
          [-5.1162e-03,  5.4689e-02,  4.1587e-02]],

         [[ 5.1531e-02,  1.5600e-03,  4.0524e-02],
          [-4.7072e-02, -5.1629e-02,  9.2453e-02],
          [-5.1719e-02, -1.6321e-02,  1.2774e-03]],

         [[ 9.6381e-02,  4.1674e-03, -4.8293e-02],
          [ 7.7800e-03,  7.9574e-02,  5.4850e-02],
          [ 9.4052e-02,  3.1561e-02,  7.1039e-02]],

         ...,

         [[ 4.3000e-02,  1.3134e-01,  4.5755e-02],
          [ 8.1264e-02,  1.2657e-01, -1.3344e-02],
          [-8.6286e-03,  1.9033e-02,  9.6344e-02]],

         [[ 7.7001e-02, -3.9774e-02,  2.4621e-02],
          [-2.6327e-02, -1.5421e-02,  8.4528e-02],
          [ 4.5421e-02, -8.0871e-03,  1.9619e-02]],

         [[ 4.0514e-02,  4.1854e-02, -2.6135e-02],
          [-4.4832e-02,  6.4024e-02,  4.8381e-03],
          [-2.8306e-03, -6.8269e-02, -1.1047e-03]]],


        [[[ 2.7816e-02,  6.4003e-02,  4.2569e-02],
          [ 8.6427e-02, -9.1204e-03, -2.6668e-02],
          [ 7.5712e-02,  5.2619e-02, -4.5600e-02]],

         [[ 8.1199e-02,  9.7068e-02,  7.7614e-03],
          [ 8.3705e-02, -2.4421e-02,  3.7235e-02],
          [-3.4577e-03, -1.5391e-02, -5.4928e-02]],

         [[-4.9891e-02,  5.8393e-03, -9.1048e-02],
          [-2.7734e-03,  2.5792e-02,  5.3290e-02],
          [ 8.0443e-02,  4.1993e-02,  2.3963e-02]],

         ...,

         [[ 4.9617e-02,  1.1267e-01,  7.3702e-02],
          [ 8.1269e-02,  5.9830e-02, -2.2057e-02],
          [ 8.1786e-02,  3.5610e-02,  2.1646e-02]],

         [[ 2.6457e-02,  4.7305e-02,  4.3186e-02],
          [ 4.1242e-02, -8.7201e-02,  4.3600e-03],
          [-4.5180e-02, -2.4673e-02, -1.4514e-02]],

         [[-2.9693e-02, -7.6541e-02, -4.0648e-02],
          [ 4.6096e-02,  2.2745e-02,  2.6827e-02],
          [ 6.6927e-03, -4.6202e-03, -3.4375e-02]]],


        ...,


        [[[ 1.0093e-01, -5.1354e-02,  9.4890e-02],
          [-4.6194e-02,  1.0107e-02, -1.4809e-03],
          [-3.7962e-02,  5.2329e-02,  7.4980e-02]],

         [[-4.7497e-02, -4.8874e-02,  7.7466e-03],
          [-4.6218e-03,  1.0836e-02,  1.7155e-02],
          [-1.7982e-02, -4.2847e-02,  9.0522e-04]],

         [[-3.1606e-02, -4.1571e-02, -2.2018e-02],
          [-3.1295e-02,  1.0574e-01,  6.7813e-02],
          [ 1.4502e-02,  6.8103e-04, -2.9202e-02]],

         ...,

         [[ 6.5749e-02,  4.9767e-02, -1.9443e-02],
          [-3.2793e-02, -6.1649e-02,  6.9406e-02],
          [-3.2431e-02, -2.6290e-05, -4.5819e-02]],

         [[-4.2548e-02,  4.4867e-02,  1.5169e-02],
          [ 1.0957e-02, -1.2176e-03,  2.8578e-02],
          [-1.4597e-02, -8.3366e-03,  5.8033e-02]],

         [[ 6.5180e-02,  1.1695e-01,  1.7044e-03],
          [-1.0699e-01, -2.6717e-02, -1.6199e-02],
          [-1.6526e-02,  2.2963e-02, -1.7195e-02]]],


        [[[-2.3306e-02,  1.6108e-02,  7.0634e-02],
          [ 5.8134e-02, -2.5845e-02,  4.2952e-02],
          [-5.7938e-02,  1.5267e-03,  9.4220e-02]],

         [[-4.3492e-02,  2.0203e-02, -8.8442e-02],
          [ 6.7574e-02,  2.8348e-02,  3.0346e-02],
          [ 4.1199e-02,  7.9514e-03, -3.6170e-02]],

         [[-2.1297e-02, -2.4972e-02,  1.0580e-01],
          [-7.0553e-03,  3.2753e-02, -3.9434e-02],
          [ 3.6552e-02,  2.1434e-03, -2.9798e-02]],

         ...,

         [[ 1.4540e-02,  1.2084e-02, -1.0788e-01],
          [-4.1359e-02,  1.6236e-02, -4.6300e-02],
          [-3.7024e-02, -5.9847e-02,  3.9633e-02]],

         [[-3.3420e-02, -3.7465e-02,  8.3461e-02],
          [-3.0584e-02,  6.9748e-02, -1.7910e-02],
          [-8.8310e-05, -3.2121e-02,  8.2752e-02]],

         [[ 6.5330e-02,  4.4090e-02,  3.6933e-02],
          [-3.3230e-02, -3.7893e-02, -1.9244e-02],
          [-1.2682e-02, -5.4148e-02,  8.6038e-03]]],


        [[[ 1.4770e-02, -1.3189e-03, -6.3399e-02],
          [ 3.3797e-02, -6.9529e-02, -2.3435e-02],
          [ 2.2224e-02,  1.2084e-03,  4.4015e-04]],

         [[-1.5180e-02, -1.9315e-01, -9.2709e-02],
          [ 2.1145e-02, -6.8940e-02, -8.7145e-02],
          [-1.1197e-01,  7.1671e-03, -7.1117e-02]],

         [[ 1.0402e-01,  3.1088e-02,  5.9925e-02],
          [ 1.0758e-01,  1.1378e-01,  6.2671e-02],
          [ 6.2179e-02,  5.8241e-02, -5.7524e-02]],

         ...,

         [[-7.9259e-02, -5.8223e-02, -2.2295e-02],
          [-8.5418e-03, -2.2833e-02,  2.0481e-02],
          [-2.2332e-02, -4.2675e-02, -1.1602e-01]],

         [[ 4.8186e-02, -1.1018e-02, -2.2956e-03],
          [ 1.4574e-02, -8.7769e-03,  3.4796e-03],
          [ 1.4039e-02,  5.9155e-02,  6.9658e-03]],

         [[ 5.5083e-02,  4.1200e-02,  8.8837e-03],
          [-2.6134e-02,  5.1884e-02, -4.2323e-02],
          [-9.1603e-02, -1.1422e-02,  2.4741e-03]]]], device='cuda:0')

----------------------body.0.bias----------------------
tensor([-0.0289, -0.0640,  0.0067,  0.0453,  0.1002,  0.0189,  0.0512, -0.0374,
         0.0801, -0.0781, -0.0353,  0.0829, -0.0007,  0.0466, -0.0444,  0.0524],
       device='cuda:0')

----------------------feature_head.weight----------------------
tensor([[[[ 0.0779,  0.0697,  0.1195],
          [-0.0392,  0.0313,  0.0598],
          [ 0.0779, -0.0032,  0.0384]],

         [[-0.0009, -0.0572,  0.0085],
          [-0.0235, -0.0502,  0.0451],
          [ 0.0307,  0.0106, -0.0264]],

         [[ 0.0319, -0.0459,  0.0141],
          [-0.0365,  0.0436,  0.0129],
          [ 0.0381, -0.0509, -0.0705]],

         [[-0.0333,  0.0665, -0.0500],
          [-0.0952, -0.0870,  0.0432],
          [ 0.0608,  0.0367,  0.0761]],

         [[-0.0391, -0.0435, -0.0555],
          [ 0.0217,  0.0219, -0.0047],
          [-0.0541, -0.0049, -0.0648]],

         [[-0.0332, -0.0359, -0.0132],
          [-0.0676,  0.0659, -0.0336],
          [ 0.0041,  0.0366,  0.0076]],

         [[ 0.0342,  0.0081,  0.0414],
          [-0.0194,  0.0164, -0.0376],
          [-0.0744,  0.0132,  0.0109]],

         [[ 0.0014, -0.0213,  0.0729],
          [ 0.0128,  0.0028,  0.0415],
          [ 0.0354, -0.0231,  0.0417]],

         [[-0.0859, -0.0313,  0.0474],
          [-0.0111, -0.0538, -0.0050],
          [-0.0880, -0.0644, -0.0303]],

         [[-0.0399, -0.0232,  0.0515],
          [-0.0091, -0.0058, -0.0316],
          [ 0.0084,  0.0111, -0.1290]],

         [[-0.0226, -0.0059, -0.0698],
          [ 0.0399, -0.0105, -0.0015],
          [-0.0743,  0.0810, -0.0465]],

         [[-0.0162, -0.0037,  0.0403],
          [ 0.0499, -0.0475,  0.0604],
          [-0.0692,  0.0015,  0.0275]],

         [[ 0.0849, -0.0096, -0.0077],
          [ 0.0534,  0.0519, -0.0127],
          [ 0.0317, -0.0367,  0.0699]],

         [[-0.0487, -0.0070, -0.0514],
          [-0.0930, -0.0394, -0.0424],
          [-0.0379,  0.0106, -0.0610]],

         [[ 0.0353, -0.0208, -0.0015],
          [-0.0103, -0.0049,  0.0072],
          [ 0.0153,  0.0561,  0.0422]],

         [[-0.0660, -0.0173,  0.0091],
          [ 0.0375,  0.0047,  0.0252],
          [-0.0827, -0.0168, -0.0341]]]], device='cuda:0')

----------------------feature_head.bias----------------------
tensor([-0.0715], device='cuda:0')

----------------------colour_head.0.weight----------------------
tensor([[[[-9.1001e-03,  7.4873e-02,  3.0569e-02],
          [ 7.4375e-02, -2.0676e-02, -4.6033e-02],
          [-1.9049e-02, -3.2716e-02, -6.7803e-02]],

         [[ 1.6156e-02,  1.1250e-01, -1.9584e-02],
          [ 7.4673e-02,  8.2274e-02,  8.3702e-02],
          [ 3.6822e-02, -1.2224e-02,  5.3719e-02]],

         [[-6.5277e-02, -3.5207e-02,  2.7583e-02],
          [ 5.6155e-02, -3.6013e-02,  5.0831e-02],
          [-2.6867e-02,  5.5194e-04,  4.5869e-02]],

         [[-9.8618e-03, -5.5188e-02,  2.7538e-02],
          [-5.0496e-02, -6.2059e-02, -5.4730e-02],
          [ 8.6489e-02,  4.3570e-02, -1.6203e-02]],

         [[-7.2992e-03, -2.7395e-03, -5.5902e-02],
          [ 4.3730e-03, -8.8845e-02, -2.1776e-02],
          [-3.3486e-02, -4.8373e-02,  6.1976e-02]],

         [[-6.2331e-03,  3.3972e-02, -5.9484e-02],
          [ 7.0409e-03,  3.1300e-02,  4.8274e-02],
          [-3.5057e-02, -2.6891e-02, -7.6532e-02]],

         [[ 4.4776e-02,  4.7643e-02,  1.5447e-02],
          [ 2.7960e-02,  5.3007e-02,  7.4020e-02],
          [ 2.7459e-02,  3.4377e-02,  1.3032e-02]],

         [[-5.4093e-02,  9.2281e-03,  7.0685e-03],
          [-9.0638e-02, -3.7974e-02, -5.7981e-02],
          [-5.5109e-02,  5.9394e-02,  4.5653e-02]],

         [[-7.6608e-03,  2.2089e-02, -2.6754e-02],
          [ 3.9684e-02, -2.6619e-02, -3.6241e-02],
          [-1.8074e-02,  8.0212e-02,  9.8309e-03]],

         [[-3.4665e-02, -2.9183e-02, -8.6297e-02],
          [-2.8637e-02, -1.9872e-01, -3.2559e-01],
          [-5.4925e-03, -1.3596e-01, -3.3028e-02]],

         [[ 5.1311e-02, -3.9381e-02, -1.9306e-02],
          [ 9.8729e-02,  9.6850e-02,  7.8682e-02],
          [-5.2553e-02,  8.2334e-02, -6.9847e-03]],

         [[ 2.2451e-02,  7.4053e-02, -7.5553e-02],
          [ 2.3221e-02, -7.6578e-02,  5.4105e-02],
          [ 1.3643e-02, -9.7962e-04, -4.5278e-02]],

         [[ 2.4246e-02, -3.8676e-02,  2.4957e-02],
          [ 7.5658e-02, -2.5923e-02,  9.4232e-03],
          [ 3.6083e-02,  3.7754e-02,  2.0632e-02]],

         [[ 2.4339e-02, -4.4997e-02, -1.7137e-02],
          [ 5.0767e-02,  2.1107e-02,  4.9657e-02],
          [ 3.9395e-02,  4.2972e-02, -4.5028e-02]],

         [[ 7.0657e-02, -3.9724e-02,  1.1374e-02],
          [ 4.9883e-02,  9.7140e-02, -6.1558e-02],
          [ 3.2147e-02, -3.3372e-02,  3.1167e-02]],

         [[-3.5772e-02, -1.2767e-02, -3.2165e-02],
          [-2.7785e-02,  7.2841e-02,  5.4340e-02],
          [ 2.3240e-02,  2.3559e-02, -3.2000e-04]]],


        [[[-5.9841e-02,  6.0635e-02, -1.6456e-02],
          [ 6.1059e-02,  4.5970e-02,  2.4348e-03],
          [ 5.4492e-02, -3.9943e-02,  2.6008e-02]],

         [[ 4.7137e-02, -2.0877e-02,  2.6674e-02],
          [-6.2696e-02, -2.1906e-02,  4.4527e-02],
          [ 3.5735e-02, -7.7513e-02,  3.4640e-02]],

         [[ 1.2603e-04,  8.5647e-02, -7.8059e-02],
          [ 2.8367e-04, -4.2045e-02, -6.3355e-02],
          [ 1.5488e-02, -3.4120e-02,  9.8281e-02]],

         [[-1.9899e-02,  3.8573e-02, -3.7149e-02],
          [-1.3555e-03, -6.2589e-02,  6.1827e-02],
          [ 7.6754e-02,  7.2055e-02, -3.0857e-02]],

         [[ 4.8707e-02, -6.8781e-02,  4.0370e-02],
          [-1.4584e-02, -7.2441e-02, -6.1825e-02],
          [-7.8707e-02,  1.8243e-02, -2.1358e-02]],

         [[-2.0222e-02,  1.0245e-01, -1.1139e-02],
          [ 4.4646e-02,  1.9732e-02,  7.2592e-02],
          [ 4.7928e-03,  5.0726e-02,  2.1221e-02]],

         [[ 5.0200e-03,  8.2649e-02, -4.8546e-03],
          [-4.0940e-02,  2.7588e-02, -1.8086e-02],
          [-4.7638e-02,  2.3597e-02, -1.9840e-02]],

         [[-9.6175e-03, -1.9281e-02, -2.5464e-02],
          [-2.9457e-02,  9.2520e-03,  6.9915e-02],
          [-3.4711e-02, -1.8047e-02, -5.3913e-02]],

         [[ 1.5837e-02,  2.6886e-02, -4.1806e-02],
          [ 6.1339e-02, -6.0494e-02,  6.5515e-02],
          [ 3.0076e-02,  4.2588e-03, -2.1789e-02]],

         [[ 1.9610e-03, -5.4533e-02, -6.1368e-02],
          [-2.7643e-02, -1.4981e-01, -2.9349e-01],
          [-1.4147e-02, -1.0378e-01, -3.4072e-02]],

         [[-1.2371e-02, -6.6688e-02, -5.9811e-02],
          [ 4.4218e-02,  7.3090e-02,  6.9284e-02],
          [-1.9289e-04,  4.0404e-02, -7.3198e-02]],

         [[ 4.7076e-02,  7.8342e-02,  4.0962e-02],
          [-3.2932e-02,  6.7322e-02, -6.9840e-02],
          [-7.4559e-03, -1.6153e-02, -6.9374e-02]],

         [[-1.3201e-02, -3.1174e-02,  3.4644e-02],
          [ 3.2557e-02,  8.2418e-02,  8.4258e-03],
          [ 8.2256e-02,  3.0654e-02,  7.6861e-02]],

         [[ 6.8308e-02, -7.2868e-02, -5.2463e-02],
          [ 7.7987e-02,  9.7295e-02, -7.0396e-02],
          [ 1.3494e-02, -1.6651e-02,  6.8279e-02]],

         [[ 7.5462e-02,  6.7667e-02,  6.4485e-02],
          [ 3.1868e-02,  1.0401e-01, -2.5839e-02],
          [ 3.7418e-02,  7.2319e-03, -3.8617e-02]],

         [[-2.8886e-02,  1.5630e-02, -1.2607e-02],
          [-4.1169e-02,  9.1912e-02,  9.5693e-02],
          [-5.0826e-02,  7.5317e-02, -1.1967e-02]]],


        [[[ 1.1422e-02, -5.9025e-02, -7.0331e-02],
          [ 3.5910e-03,  9.2959e-02,  8.3336e-02],
          [ 1.2366e-02,  5.9693e-02, -5.0314e-02]],

         [[ 4.7316e-02,  5.9409e-02, -6.2778e-02],
          [-6.0265e-02,  4.7113e-02,  2.2441e-02],
          [-5.5627e-02, -6.7579e-02,  6.9671e-02]],

         [[-2.3284e-02,  8.5222e-03, -2.0107e-02],
          [ 2.5853e-02, -7.4396e-02,  3.5639e-02],
          [-8.8424e-03,  1.5121e-03,  5.9046e-02]],

         [[-2.0880e-02, -1.7144e-02,  6.9491e-02],
          [-6.7203e-02,  3.8813e-02, -7.4237e-03],
          [-2.0371e-02,  6.6668e-02,  2.1044e-02]],

         [[-6.8170e-02,  8.4338e-02, -3.6226e-02],
          [ 7.3108e-02, -2.2859e-02,  8.0306e-02],
          [ 2.7007e-02,  2.4414e-04,  2.8816e-02]],

         [[-5.5483e-03, -2.5433e-02,  6.2235e-02],
          [ 6.2300e-02,  1.3584e-02,  9.8927e-02],
          [-3.4962e-03, -3.6905e-02, -3.4551e-02]],

         [[ 5.1266e-02, -2.8557e-02,  5.3515e-02],
          [-8.3242e-02,  7.1079e-03, -4.7819e-02],
          [ 3.2738e-02,  7.6188e-02,  3.1951e-02]],

         [[-1.9784e-02, -4.9515e-02, -2.1966e-02],
          [-3.0530e-02,  1.0775e-01, -2.1903e-02],
          [ 4.5519e-02,  1.0287e-01,  4.4367e-02]],

         [[-5.6194e-02,  2.0438e-02, -8.8716e-03],
          [ 5.6890e-02,  1.7131e-02,  1.2333e-02],
          [ 5.2328e-02,  3.1483e-02,  5.1759e-02]],

         [[-4.2955e-03, -3.6033e-02, -8.9146e-02],
          [-4.5447e-02, -1.1936e-01, -2.7113e-01],
          [-3.0385e-02, -1.0200e-01, -9.6381e-02]],

         [[-3.6930e-02,  5.6876e-02,  9.2293e-03],
          [ 1.2076e-02,  2.5092e-02, -3.0925e-02],
          [ 6.3239e-02, -8.0537e-03, -2.9464e-02]],

         [[ 5.6249e-02, -6.5032e-02, -1.7775e-02],
          [ 1.2488e-02, -2.9920e-02,  3.5521e-02],
          [-7.0550e-02, -3.3320e-02, -4.9476e-02]],

         [[ 8.3745e-02,  5.3668e-02, -4.4619e-02],
          [ 5.7975e-02,  4.1554e-02,  1.0937e-01],
          [ 5.0805e-02, -1.7547e-02,  9.6029e-02]],

         [[-5.9525e-03, -7.1479e-03,  2.9526e-02],
          [ 1.0866e-01,  5.4759e-02, -7.7319e-02],
          [-2.7277e-02,  8.8993e-02, -3.4224e-02]],

         [[-6.0049e-02, -7.6219e-02, -5.1454e-02],
          [-5.3880e-02,  2.8628e-03,  1.2861e-02],
          [ 5.5641e-02,  4.2575e-02, -1.6152e-02]],

         [[-3.3680e-02,  6.3573e-02, -4.2541e-02],
          [-8.1262e-03,  6.7298e-02,  1.4918e-01],
          [-4.8331e-02,  3.7880e-02,  1.6600e-03]]]], device='cuda:0')

----------------------colour_head.0.bias----------------------
tensor([ 0.0221,  0.0106, -0.0600], device='cuda:0')

----------------------blending_mask_head.0.weight----------------------
tensor([[[[ 1.1089e-01,  1.2191e-01, -1.0829e-02],
          [ 2.6650e-02,  3.8470e-02,  1.8394e-02],
          [ 2.4994e-02,  4.0416e-02,  1.4985e-03]],

         [[-4.5437e-03,  6.0966e-02, -1.0667e-02],
          [-3.0738e-02, -1.7907e-02, -6.8720e-02],
          [-6.1945e-02, -1.1251e-01, -1.6578e-02]],

         [[ 3.6514e-02,  1.7670e-01,  2.3505e-01],
          [ 5.3914e-02,  1.2723e-01,  1.4197e-01],
          [ 1.2471e-01,  1.4683e-01,  1.3620e-01]],

         [[ 1.5852e-02,  1.3186e-02, -1.0413e-01],
          [-8.1523e-02, -1.0286e-01, -6.9238e-02],
          [ 1.8463e-02, -3.7503e-02, -9.8407e-02]],

         [[ 4.4750e-01,  3.3728e-01,  3.8687e-01],
          [ 4.0536e-01,  4.7168e-01,  4.9103e-01],
          [ 3.5809e-01,  4.1595e-01,  3.2322e-01]],

         [[-2.9049e-02, -2.6874e-02,  8.2348e-03],
          [-6.3947e-02,  1.9514e-02,  1.9688e-02],
          [ 2.0042e-02, -5.6610e-02,  2.6212e-02]],

         [[-1.2152e-01, -8.5379e-02, -4.9139e-02],
          [-2.9837e-02, -3.4824e-02, -1.4364e-01],
          [-1.8167e-02, -1.4567e-01, -1.6354e-01]],

         [[-1.6322e-01, -2.1637e-01, -2.2828e-01],
          [-2.3261e-01, -8.1599e-02, -1.3483e-01],
          [-1.7978e-01, -1.3707e-01, -2.4418e-01]],

         [[ 5.7389e-02,  3.8046e-02, -5.5762e-02],
          [ 2.0682e-01,  4.8181e-02,  4.5801e-04],
          [ 1.1582e-01,  1.3816e-01,  9.9009e-02]],

         [[ 2.9460e-02,  3.6168e-02, -5.8728e-02],
          [ 5.2573e-02, -2.2075e-01, -3.4195e-01],
          [ 1.1284e-01,  6.1698e-02, -4.1678e-01]],

         [[ 1.1588e-01,  9.4979e-02, -1.5295e-02],
          [ 1.2333e-02, -8.0354e-03,  7.6057e-02],
          [-3.1492e-02, -2.8206e-02, -2.9266e-02]],

         [[ 2.7806e-01,  3.0254e-01,  4.4656e-01],
          [ 3.8586e-01,  4.2845e-01,  3.1951e-01],
          [ 2.6198e-01,  2.7591e-01,  3.2320e-01]],

         [[-3.2654e-02,  3.0051e-02, -3.7394e-02],
          [ 6.6322e-02,  1.2792e-01,  4.5635e-02],
          [ 9.3388e-02, -1.5931e-02,  6.9821e-03]],

         [[-7.0173e-02, -4.2650e-02, -8.7771e-02],
          [-3.1469e-02, -7.8833e-02, -9.4095e-02],
          [ 8.0218e-04, -3.1295e-02, -1.4853e-01]],

         [[ 7.7484e-03,  5.2112e-04, -1.0353e-01],
          [-3.1354e-02,  1.6329e-02, -1.4493e-01],
          [-1.3100e-01, -9.9090e-03, -7.8119e-02]],

         [[ 1.6190e-01,  1.8455e-01,  1.8233e-01],
          [ 2.1516e-01,  2.5459e-01,  2.0577e-01],
          [ 1.1778e-01,  1.7059e-01,  2.1722e-01]]]], device='cuda:0')

----------------------blending_mask_head.0.bias----------------------
tensor([0.3282], device='cuda:0')
