
----------------------input_conv.weight----------------------
tensor([[[[ 0.1506,  0.1479,  0.0771],
          [ 0.1706,  0.0785,  0.1119],
          [-0.0026,  0.1007,  0.1577]],

         [[-0.0264,  0.1158,  0.0816],
          [ 0.1177,  0.0751,  0.1011],
          [-0.0020,  0.0825,  0.0503]],

         [[-0.0997, -0.0463, -0.0750],
          [-0.0697, -0.0821,  0.0144],
          [-0.1651, -0.1393, -0.0889]],

         ...,

         [[-0.0377,  0.0684, -0.0251],
          [ 0.0699, -0.0053,  0.0499],
          [-0.0503, -0.0333,  0.0212]],

         [[ 0.0180, -0.0268,  0.0551],
          [ 0.0631, -0.0721, -0.0537],
          [ 0.0858, -0.0348, -0.0364]],

         [[-0.0496, -0.0116,  0.0675],
          [ 0.0308, -0.0264,  0.0457],
          [-0.0223, -0.0382, -0.0095]]],


        [[[-0.0961, -0.0716,  0.1251],
          [ 0.0043,  0.0256, -0.0718],
          [-0.0835, -0.0235,  0.0459]],

         [[-0.0927, -0.0473, -0.0239],
          [-0.0106, -0.0365,  0.0165],
          [-0.0827, -0.0551, -0.0218]],

         [[-0.0447, -0.0864,  0.1077],
          [-0.0326,  0.0789,  0.0492],
          [-0.1006,  0.0741,  0.0037]],

         ...,

         [[ 0.0330,  0.0047, -0.0038],
          [ 0.0778,  0.0950,  0.0178],
          [ 0.0019,  0.0288,  0.0347]],

         [[ 0.0243,  0.0281, -0.0862],
          [-0.0343,  0.0822,  0.0387],
          [-0.0036, -0.0568, -0.0577]],

         [[-0.0870, -0.0322,  0.0317],
          [ 0.0606,  0.0436, -0.0859],
          [-0.0587, -0.0160,  0.0923]]],


        [[[ 0.0299,  0.0555,  0.1043],
          [ 0.0308,  0.0284,  0.1093],
          [-0.0485,  0.0285, -0.0697]],

         [[ 0.0864,  0.1623,  0.1082],
          [-0.0012,  0.0015, -0.0409],
          [ 0.0653,  0.0983,  0.1046]],

         [[ 0.0422,  0.0843,  0.0290],
          [-0.0276, -0.0087, -0.0919],
          [ 0.0142, -0.0028, -0.0179]],

         ...,

         [[-0.0754, -0.0634,  0.0219],
          [-0.0687, -0.0483, -0.0386],
          [-0.0515, -0.1013, -0.0482]],

         [[-0.0419,  0.0222, -0.0367],
          [ 0.0045,  0.0864,  0.0410],
          [-0.0867,  0.0348,  0.0880]],

         [[ 0.0121,  0.0513,  0.0817],
          [-0.0279,  0.0068, -0.0800],
          [-0.0330,  0.0581,  0.0362]]],


        ...,


        [[[-0.0482,  0.0082,  0.0151],
          [-0.0187, -0.1070,  0.0672],
          [ 0.0025,  0.0512,  0.0090]],

         [[ 0.0116,  0.0608,  0.0660],
          [-0.0199, -0.0012,  0.0854],
          [ 0.0956,  0.0848,  0.1066]],

         [[-0.0622, -0.1008, -0.0129],
          [-0.1391, -0.1520, -0.0622],
          [-0.0746, -0.0693,  0.0239]],

         ...,

         [[-0.0041,  0.0336,  0.0400],
          [ 0.0246,  0.0885, -0.0308],
          [-0.0244, -0.0257, -0.0190]],

         [[-0.0751, -0.0934, -0.0929],
          [ 0.0175,  0.0510,  0.0827],
          [ 0.0743, -0.0132,  0.0110]],

         [[-0.0676,  0.0272, -0.1023],
          [ 0.0354,  0.0076,  0.0195],
          [ 0.0252, -0.0542,  0.0725]]],


        [[[ 0.0694,  0.0912,  0.0344],
          [ 0.0946,  0.0969,  0.0693],
          [ 0.1078,  0.0101,  0.0674]],

         [[ 0.0525,  0.0924,  0.1220],
          [ 0.0613,  0.0021,  0.0236],
          [ 0.0669,  0.0506, -0.0147]],

         [[ 0.1137,  0.0998, -0.0250],
          [ 0.0405,  0.0384, -0.0179],
          [ 0.0596,  0.0104, -0.0327]],

         ...,

         [[-0.0455,  0.0525, -0.0327],
          [-0.0073, -0.0196, -0.0429],
          [ 0.0901, -0.0659,  0.0529]],

         [[-0.0921, -0.0172,  0.0002],
          [ 0.0629, -0.0404,  0.0222],
          [ 0.0094,  0.0511,  0.0002]],

         [[ 0.0384, -0.0557, -0.0645],
          [ 0.0882, -0.0677, -0.0140],
          [-0.0092,  0.0965, -0.0184]]],


        [[[-0.0386,  0.0262,  0.0807],
          [ 0.0944,  0.1387,  0.0171],
          [ 0.0652, -0.0656,  0.0310]],

         [[ 0.0708,  0.1053, -0.0282],
          [ 0.0220,  0.0754, -0.0361],
          [-0.0636, -0.0719, -0.0019]],

         [[ 0.1047,  0.0867,  0.0538],
          [ 0.0981,  0.0101,  0.0605],
          [-0.0043, -0.0178,  0.0862]],

         ...,

         [[ 0.0383,  0.0948, -0.0322],
          [ 0.0501,  0.0546,  0.0695],
          [-0.0194, -0.0066,  0.0462]],

         [[ 0.0312,  0.0654, -0.0572],
          [ 0.0084,  0.0376, -0.0950],
          [-0.0105, -0.0512,  0.0322]],

         [[-0.0348,  0.0152,  0.0660],
          [-0.0797, -0.0728, -0.0409],
          [ 0.0701,  0.0729, -0.0573]]]], device='cuda:0')

----------------------input_conv.bias----------------------
tensor([ 0.0466,  0.0028, -0.0026,  0.1059,  0.0802,  0.0031,  0.0541,  0.0754,
         0.0680, -0.0212, -0.0277,  0.0994,  0.0082,  0.0879,  0.0082,  0.0478],
       device='cuda:0')

----------------------body.0.weight----------------------
tensor([[[[ 0.0363,  0.0268, -0.0161],
          [ 0.0779, -0.0047,  0.0078],
          [ 0.0646,  0.0789, -0.0510]],

         [[ 0.0375,  0.0073, -0.0343],
          [ 0.0582, -0.0425,  0.0274],
          [ 0.0514, -0.0777, -0.0610]],

         [[-0.0690,  0.0012, -0.0526],
          [-0.0132,  0.0347,  0.0792],
          [ 0.0541,  0.0614,  0.0582]],

         ...,

         [[-0.0390,  0.0587,  0.0612],
          [-0.0648,  0.0675, -0.0013],
          [ 0.0309,  0.0984,  0.0797]],

         [[ 0.0395,  0.0786,  0.0490],
          [ 0.0247, -0.0511,  0.0410],
          [-0.0466,  0.0418,  0.0323]],

         [[ 0.0009, -0.0524, -0.0459],
          [ 0.0723,  0.0628,  0.0641],
          [-0.0152,  0.0086, -0.0065]]],


        [[[ 0.0798, -0.0355,  0.0558],
          [ 0.0870,  0.0076,  0.0455],
          [ 0.0647, -0.0042,  0.1424]],

         [[-0.0095,  0.0348, -0.0006],
          [ 0.0096, -0.0306,  0.0456],
          [-0.0198,  0.0089, -0.0249]],

         [[-0.0373,  0.0386,  0.0012],
          [ 0.0409, -0.0409, -0.0340],
          [ 0.0812, -0.0380, -0.0222]],

         ...,

         [[-0.0273,  0.0434,  0.0330],
          [ 0.0273, -0.0151,  0.0601],
          [ 0.0275,  0.0134,  0.0208]],

         [[-0.0044, -0.0771,  0.0489],
          [-0.0607, -0.0758, -0.0517],
          [ 0.0114, -0.0091,  0.0437]],

         [[-0.0088,  0.0384, -0.0045],
          [-0.0677, -0.0238,  0.0261],
          [ 0.0045,  0.0341,  0.0514]]],


        [[[-0.0866, -0.0878, -0.0721],
          [-0.1163, -0.0957, -0.1231],
          [-0.0165,  0.0052, -0.0478]],

         [[-0.0545, -0.0531, -0.0189],
          [ 0.0337,  0.0116,  0.0265],
          [ 0.0942,  0.0519,  0.0397]],

         [[-0.0055,  0.0520,  0.0434],
          [-0.0661, -0.0370,  0.0172],
          [ 0.0276,  0.0391, -0.0460]],

         ...,

         [[ 0.0097,  0.0031, -0.0776],
          [-0.0093, -0.0305,  0.0850],
          [ 0.0615,  0.0649,  0.0583]],

         [[-0.0517, -0.0327, -0.0217],
          [-0.0308,  0.0722,  0.0416],
          [ 0.0689,  0.0043, -0.0676]],

         [[-0.0285,  0.0543,  0.0508],
          [ 0.0176, -0.0300, -0.0729],
          [-0.0456,  0.0440, -0.0318]]],


        ...,


        [[[-0.0179, -0.0463, -0.1118],
          [-0.0181, -0.1429, -0.0441],
          [-0.0344, -0.0229, -0.0259]],

         [[ 0.0476, -0.0263, -0.0703],
          [-0.0680, -0.0403,  0.0385],
          [-0.0572, -0.0258, -0.0568]],

         [[ 0.0676, -0.0048,  0.1037],
          [ 0.0756,  0.0807,  0.1046],
          [ 0.0137,  0.0421, -0.0366]],

         ...,

         [[-0.0211, -0.0944,  0.0008],
          [ 0.0477, -0.0272,  0.0277],
          [ 0.0122, -0.0195, -0.0669]],

         [[ 0.0507, -0.0482,  0.0136],
          [ 0.0420, -0.0169,  0.0342],
          [ 0.0232,  0.0456,  0.0450]],

         [[-0.0220, -0.0291, -0.0078],
          [-0.0168,  0.0702, -0.0285],
          [-0.0354,  0.0333,  0.0472]]],


        [[[ 0.0111, -0.0303,  0.0632],
          [ 0.0884,  0.1225,  0.0733],
          [ 0.1031, -0.0196,  0.1218]],

         [[-0.0434, -0.0322,  0.0723],
          [-0.0079,  0.0384, -0.0616],
          [ 0.0272,  0.0445, -0.0051]],

         [[ 0.0700, -0.0574, -0.0192],
          [ 0.0246,  0.0432, -0.0415],
          [ 0.0502, -0.0319, -0.0495]],

         ...,

         [[ 0.0955,  0.0543, -0.0381],
          [ 0.0918, -0.0555,  0.0410],
          [ 0.0804,  0.0861,  0.0013]],

         [[-0.0712,  0.0053,  0.0333],
          [-0.0641, -0.0433, -0.0809],
          [ 0.0060, -0.0228,  0.0047]],

         [[-0.0289, -0.0780, -0.0391],
          [-0.0615, -0.0240,  0.0198],
          [-0.0686, -0.0137, -0.0941]]],


        [[[-0.0345, -0.0573, -0.0269],
          [-0.0232,  0.0252,  0.0499],
          [ 0.0943,  0.0217,  0.0060]],

         [[-0.0487,  0.0126, -0.0674],
          [ 0.0213, -0.1029, -0.0882],
          [-0.0054, -0.0751, -0.0180]],

         [[ 0.0593,  0.0290,  0.0730],
          [-0.0294, -0.0202, -0.0051],
          [-0.0139, -0.0205,  0.0048]],

         ...,

         [[ 0.0542, -0.0749,  0.0142],
          [-0.0801,  0.0414,  0.0065],
          [ 0.0023, -0.0587,  0.0054]],

         [[-0.0243,  0.0350,  0.0828],
          [-0.0318,  0.0132,  0.0455],
          [ 0.0459,  0.0445,  0.0953]],

         [[-0.0195,  0.0163,  0.0362],
          [-0.0079,  0.0648,  0.0596],
          [ 0.0525, -0.0034,  0.0790]]]], device='cuda:0')

----------------------body.0.bias----------------------
tensor([-0.0234,  0.0573,  0.0264,  0.0409, -0.0391,  0.0254, -0.0316,  0.0484,
         0.0162, -0.0234,  0.0390,  0.0177,  0.0905,  0.0657,  0.0530,  0.0195],
       device='cuda:0')

----------------------feature_head.weight----------------------
tensor([[[[ 0.0445, -0.0789,  0.0556],
          [-0.0098,  0.0472,  0.0239],
          [-0.0044,  0.0587, -0.0486]],

         [[ 0.0235,  0.0365, -0.0297],
          [ 0.0302, -0.0824, -0.0421],
          [ 0.0405,  0.0430, -0.0765]],

         [[ 0.0288,  0.0078,  0.0813],
          [-0.0813, -0.0199, -0.0472],
          [-0.0507, -0.0136, -0.0766]],

         [[ 0.0653, -0.0295,  0.0292],
          [-0.0490,  0.0004, -0.0590],
          [ 0.0671,  0.0703,  0.0656]],

         [[-0.0292,  0.0519, -0.0696],
          [ 0.0382, -0.0103, -0.0691],
          [-0.0669, -0.0780,  0.0156]],

         [[-0.0301, -0.0384,  0.0793],
          [-0.0254,  0.0281, -0.0147],
          [ 0.0503,  0.0249,  0.0528]],

         [[ 0.0218, -0.0183,  0.0737],
          [-0.0059, -0.0499,  0.0259],
          [-0.0101, -0.0618,  0.0109]],

         [[-0.0194, -0.0332, -0.0398],
          [-0.0355, -0.0337,  0.0082],
          [ 0.0805, -0.0488, -0.0389]],

         [[-0.0559, -0.0032,  0.0058],
          [-0.0572,  0.0381, -0.0747],
          [ 0.0771,  0.0157, -0.0084]],

         [[-0.0298,  0.0374,  0.0609],
          [-0.0545, -0.0209,  0.0613],
          [-0.0156, -0.0614, -0.0268]],

         [[ 0.0029, -0.0156, -0.0571],
          [-0.0522,  0.0225,  0.0572],
          [ 0.0758, -0.0094,  0.0321]],

         [[-0.0662,  0.0444,  0.0796],
          [ 0.0434, -0.0329,  0.0679],
          [-0.0789, -0.0100, -0.0206]],

         [[-0.0831, -0.0475, -0.0607],
          [ 0.0224, -0.0069,  0.0383],
          [-0.0187,  0.0687,  0.0094]],

         [[ 0.0691,  0.0677, -0.0707],
          [-0.0560,  0.0502,  0.0787],
          [-0.0711,  0.0012, -0.0320]],

         [[ 0.0785,  0.0692,  0.0607],
          [ 0.0448, -0.0078,  0.0769],
          [-0.0390,  0.0041, -0.0219]],

         [[-0.0608, -0.0395,  0.0202],
          [-0.0074, -0.0552, -0.0106],
          [ 0.0144, -0.0583,  0.0503]]],


        [[[-0.0708,  0.0008, -0.0682],
          [-0.0751, -0.0104,  0.0756],
          [ 0.0788,  0.0300,  0.0646]],

         [[-0.0456,  0.0469,  0.0508],
          [-0.0796, -0.0639,  0.0360],
          [ 0.0077, -0.0564, -0.0658]],

         [[ 0.0602,  0.0091, -0.0002],
          [-0.0806,  0.0731, -0.0551],
          [ 0.0371, -0.0100,  0.0027]],

         [[ 0.0409, -0.0222, -0.0234],
          [ 0.0664, -0.0639,  0.0371],
          [-0.0215, -0.0278,  0.0558]],

         [[ 0.0141, -0.0776,  0.0745],
          [-0.0414,  0.0720, -0.0262],
          [ 0.0813,  0.0246, -0.0040]],

         [[ 0.0318, -0.0026, -0.0413],
          [ 0.0456,  0.0541, -0.0104],
          [ 0.0784,  0.0053, -0.0441]],

         [[-0.0454,  0.0561, -0.0338],
          [ 0.0526, -0.0809,  0.0029],
          [-0.0576,  0.0296,  0.0677]],

         [[ 0.0328, -0.0287, -0.0782],
          [-0.0395, -0.0492,  0.0796],
          [-0.0448,  0.0322,  0.0669]],

         [[ 0.0300, -0.0731, -0.0095],
          [-0.0247,  0.0537, -0.0078],
          [-0.0044,  0.0741,  0.0198]],

         [[ 0.0386, -0.0268,  0.0545],
          [ 0.0120, -0.0167,  0.0161],
          [-0.0656,  0.0031,  0.0382]],

         [[-0.0780, -0.0443,  0.0522],
          [ 0.0019, -0.0028,  0.0085],
          [-0.0374,  0.0689, -0.0083]],

         [[-0.0303,  0.0439, -0.0694],
          [-0.0154,  0.0084, -0.0259],
          [ 0.0454, -0.0712, -0.0240]],

         [[-0.0350,  0.0771,  0.0333],
          [-0.0622,  0.0323, -0.0018],
          [ 0.0763,  0.0460, -0.0487]],

         [[ 0.0743, -0.0149, -0.0190],
          [ 0.0249,  0.0828,  0.0251],
          [-0.0804, -0.0266,  0.0776]],

         [[-0.0294, -0.0401, -0.0664],
          [-0.0460, -0.0456,  0.0199],
          [ 0.0333,  0.0795,  0.0547]],

         [[ 0.0012,  0.0449,  0.0476],
          [-0.0719,  0.0420, -0.0570],
          [ 0.0644, -0.0362,  0.0173]]],


        [[[-0.0009,  0.0387,  0.0130],
          [-0.0604,  0.0338,  0.0492],
          [-0.0434, -0.0541, -0.0567]],

         [[-0.0405, -0.0105,  0.0062],
          [-0.0006, -0.0220,  0.0517],
          [ 0.0044, -0.0484, -0.0221]],

         [[-0.0490, -0.0294, -0.0786],
          [ 0.0146, -0.0646,  0.0322],
          [ 0.0571, -0.0620, -0.0440]],

         [[-0.0658,  0.0222,  0.0161],
          [-0.0430,  0.0503,  0.0346],
          [-0.0753, -0.0045, -0.0359]],

         [[-0.0144,  0.0464, -0.0090],
          [-0.0579,  0.0586, -0.0762],
          [-0.0286,  0.0321,  0.0737]],

         [[ 0.0809, -0.0196,  0.0278],
          [-0.0732, -0.0162, -0.0259],
          [ 0.0237, -0.0546,  0.0180]],

         [[ 0.0431,  0.0649, -0.0141],
          [ 0.0761, -0.0787, -0.0236],
          [ 0.0316,  0.0214,  0.0392]],

         [[-0.0553,  0.0513, -0.0782],
          [-0.0571, -0.0057, -0.0810],
          [-0.0792, -0.0740,  0.0670]],

         [[ 0.0183, -0.0266, -0.0034],
          [-0.0726, -0.0787, -0.0581],
          [-0.0806,  0.0548, -0.0292]],

         [[-0.0225, -0.0718,  0.0138],
          [-0.0125, -0.0567,  0.0534],
          [ 0.0702, -0.0594,  0.0472]],

         [[-0.0135, -0.0008,  0.0355],
          [-0.0152,  0.0708,  0.0513],
          [-0.0541, -0.0507, -0.0826]],

         [[ 0.0267, -0.0627, -0.0698],
          [-0.0534, -0.0824, -0.0679],
          [ 0.0743,  0.0465,  0.0738]],

         [[-0.0404, -0.0342, -0.0292],
          [ 0.0016, -0.0598,  0.0122],
          [-0.0534,  0.0132,  0.0763]],

         [[ 0.0141,  0.0608, -0.0594],
          [-0.0118, -0.0515, -0.0092],
          [-0.0331, -0.0473, -0.0805]],

         [[-0.0309,  0.0112, -0.0147],
          [-0.0776,  0.0626,  0.0618],
          [-0.0502,  0.0085,  0.0553]],

         [[-0.0791, -0.0736,  0.0462],
          [-0.0017,  0.0265, -0.0347],
          [ 0.0151,  0.0553, -0.0204]]]], device='cuda:0')

----------------------feature_head.bias----------------------
tensor([-0.0269, -0.0793, -0.0129], device='cuda:0')

----------------------colour_head.0.weight----------------------
tensor([[[[ 5.3487e-02, -6.8640e-02,  8.8087e-04],
          [ 7.8479e-02,  6.7280e-03, -6.7001e-03],
          [ 4.4323e-03, -7.4745e-03,  2.0962e-02]],

         [[-5.3304e-02,  4.2979e-02, -9.1460e-03],
          [ 2.1308e-02,  1.7073e-02,  6.3610e-02],
          [-3.0173e-02, -6.0815e-02, -4.9512e-02]],

         [[-5.4159e-02, -3.3432e-02,  6.0432e-02],
          [-6.1443e-02, -4.2018e-02, -6.9983e-02],
          [-3.3875e-02,  1.5910e-04, -4.9880e-02]],

         [[ 1.5324e-02, -9.3858e-02, -1.3222e-01],
          [-1.1980e-02, -1.5798e-01, -2.2312e-02],
          [-2.9417e-02, -4.3534e-03,  3.7744e-02]],

         [[ 5.0716e-02,  5.3569e-02, -3.9019e-02],
          [-3.8842e-02,  6.0281e-02,  5.3322e-02],
          [ 9.2047e-02,  1.5125e-02,  1.8539e-03]],

         [[ 4.9791e-02,  1.1822e-02,  7.7897e-02],
          [-2.0806e-02,  2.6594e-03,  2.5413e-02],
          [ 6.0743e-02, -4.9609e-02, -9.4062e-03]],

         [[ 5.9614e-02,  4.2626e-02,  6.3639e-02],
          [-1.2211e-02, -2.1588e-02, -6.1221e-02],
          [-2.6006e-02, -4.5891e-02,  1.8117e-02]],

         [[-7.4538e-03, -3.6534e-02,  5.9150e-02],
          [ 5.5872e-02,  5.8697e-02, -3.6763e-04],
          [ 2.0988e-02, -6.2268e-02,  1.4441e-02]],

         [[-1.9771e-02, -7.4066e-02, -4.0149e-02],
          [-7.0857e-03, -2.0902e-01, -1.1088e-01],
          [-6.5059e-02, -2.8280e-01, -2.2907e-01]],

         [[-1.7824e-02,  2.1627e-02,  5.5169e-02],
          [ 1.4801e-02,  1.2876e-01, -2.6431e-02],
          [-2.7972e-02,  1.0561e-02, -1.6666e-02]],

         [[ 2.8985e-02,  7.1084e-02,  2.8316e-02],
          [-6.5001e-02, -3.7141e-02, -1.6258e-02],
          [-6.9271e-02,  2.3745e-02,  7.6851e-02]],

         [[ 2.4873e-02,  1.7735e-02,  1.1904e-02],
          [-4.9474e-02, -1.0439e-02,  1.0569e-01],
          [-4.4628e-02,  1.4777e-02, -2.9981e-02]],

         [[-7.2448e-03,  1.3267e-02, -6.4574e-02],
          [ 3.7882e-02, -6.6582e-02, -4.3038e-02],
          [ 7.3404e-02,  7.7395e-02, -1.5428e-02]],

         [[-3.6785e-02, -2.7524e-02,  1.0233e-04],
          [-3.8902e-02,  8.6308e-02, -5.0571e-02],
          [ 3.5946e-02,  3.8954e-02, -4.0180e-03]],

         [[ 7.4625e-02,  5.6006e-02,  3.1621e-03],
          [-4.1848e-02, -1.5431e-02,  4.0381e-02],
          [ 7.5359e-02, -1.5992e-02, -2.4143e-02]],

         [[-7.4786e-02,  6.4393e-02,  8.3858e-02],
          [ 7.9073e-02, -4.5775e-03,  7.9589e-02],
          [-4.5806e-03,  6.2260e-02,  5.8787e-02]]],


        [[[-4.1209e-02,  3.6663e-02,  3.7480e-02],
          [-2.5556e-02,  1.0506e-01,  8.3920e-02],
          [ 8.4267e-02,  1.6672e-02, -2.7266e-02]],

         [[-7.5138e-02,  1.5384e-02, -7.5180e-03],
          [ 4.0772e-02,  5.1160e-02,  4.1362e-03],
          [-8.6596e-02,  1.1494e-02,  5.3994e-02]],

         [[-1.4289e-02, -1.5316e-02,  1.0392e-02],
          [ 1.2333e-02, -4.8837e-02,  4.8452e-02],
          [ 3.8848e-02, -2.1588e-02, -2.7609e-02]],

         [[-3.4479e-02, -1.0463e-01, -1.4837e-01],
          [-3.0408e-02, -1.3723e-01, -6.0893e-03],
          [ 2.2020e-02, -1.2988e-02,  8.2738e-02]],

         [[ 5.0140e-02, -2.0445e-02, -8.3834e-03],
          [-5.1571e-02,  6.3717e-03,  7.2617e-03],
          [-4.7808e-02,  4.9966e-02,  6.6586e-02]],

         [[-3.5477e-02,  5.4536e-02, -4.1343e-02],
          [ 1.2964e-02,  7.6210e-02,  3.3149e-02],
          [ 4.1812e-02, -8.9040e-03,  9.0289e-02]],

         [[ 3.2891e-03,  5.9189e-02,  1.9784e-02],
          [ 5.9384e-02,  2.2622e-02,  2.4251e-02],
          [ 3.3095e-02,  5.1987e-02, -1.4768e-02]],

         [[ 5.1301e-02,  1.0212e-01, -1.9407e-03],
          [ 3.2646e-02,  1.0092e-01,  8.4974e-02],
          [-4.7178e-02,  3.4646e-02, -8.0502e-02]],

         [[ 1.7991e-02, -2.5006e-02,  1.7705e-02],
          [-1.1844e-02, -1.6577e-01, -9.9056e-02],
          [-5.7524e-02, -3.0090e-01, -2.1059e-01]],

         [[ 7.3088e-03,  8.0619e-02, -1.2193e-02],
          [ 2.7240e-02,  8.4578e-02, -3.0208e-02],
          [-7.0882e-02,  6.2159e-02, -2.6585e-02]],

         [[ 4.9280e-02, -8.0790e-02, -9.8319e-03],
          [ 3.9257e-02, -2.3778e-02,  3.0028e-02],
          [-8.0845e-02,  7.1159e-02, -3.7952e-02]],

         [[ 9.0757e-03, -3.1601e-02,  8.2425e-03],
          [-7.2513e-02, -7.5078e-02,  1.8858e-02],
          [-3.8852e-02,  4.3027e-02, -1.9156e-03]],

         [[ 4.6009e-02, -2.6474e-02,  7.2957e-03],
          [ 6.2300e-02, -7.8313e-02, -5.2402e-02],
          [ 5.8206e-02, -3.1643e-02, -3.5931e-02]],

         [[ 1.9616e-02, -5.7478e-03,  1.0278e-02],
          [ 2.4824e-03,  5.7731e-02, -3.1842e-02],
          [-1.0194e-02,  9.2955e-03,  2.0831e-02]],

         [[ 4.5185e-02, -5.7956e-02, -3.9190e-02],
          [-7.0970e-02,  4.7351e-02,  7.4614e-02],
          [-6.1388e-02,  3.7142e-02,  2.3646e-02]],

         [[-1.1926e-02,  4.3351e-02,  7.4665e-02],
          [ 1.1248e-01,  7.6474e-02,  1.5167e-02],
          [-3.1139e-02, -1.6298e-02,  1.0596e-02]]],


        [[[-7.2880e-03,  5.9660e-02, -7.5286e-02],
          [ 1.9197e-02, -6.5023e-03,  1.4724e-02],
          [ 8.5901e-02,  1.2575e-02, -9.4917e-03]],

         [[-1.6226e-02, -7.0507e-02, -6.0363e-02],
          [ 4.7763e-02, -4.7120e-02,  4.7623e-02],
          [-1.2567e-02,  3.5638e-02,  6.0413e-02]],

         [[ 1.5159e-02,  3.8435e-02,  7.0359e-02],
          [-1.9430e-02,  7.6178e-02, -6.3979e-02],
          [ 8.6344e-02, -5.1724e-03,  1.0968e-03]],

         [[-4.2163e-02, -1.6277e-01, -1.1401e-01],
          [-1.4674e-02, -1.1165e-01,  1.1161e-02],
          [ 4.5821e-02,  5.0475e-02,  3.9887e-02]],

         [[ 6.9381e-02, -2.1017e-02,  4.3780e-03],
          [-5.5252e-02, -1.3587e-02,  1.1546e-02],
          [-3.0790e-02,  6.4180e-02,  6.1311e-02]],

         [[-1.4594e-02,  3.4582e-03,  8.5844e-02],
          [ 1.1193e-02,  9.8636e-02,  9.6614e-02],
          [-2.5505e-02, -6.5722e-02,  7.9331e-02]],

         [[-2.0456e-02,  8.4603e-02, -4.7441e-02],
          [-3.6774e-03,  2.4026e-02, -2.1219e-02],
          [ 7.0203e-02, -4.4939e-02, -1.0374e-02]],

         [[-2.3081e-02,  6.2455e-02,  3.2464e-02],
          [ 1.6522e-02,  1.2211e-02,  3.4007e-02],
          [-5.5612e-02, -4.2010e-02, -3.4523e-02]],

         [[ 3.8555e-02, -4.5223e-02, -3.3604e-02],
          [-2.5625e-02, -1.8574e-01, -9.8107e-02],
          [-4.8036e-02, -1.9697e-01, -2.7028e-01]],

         [[-5.2214e-02,  7.3851e-02,  3.5991e-02],
          [ 9.8632e-02,  7.3477e-02,  7.3392e-04],
          [-4.4511e-02, -5.6554e-02, -1.8272e-03]],

         [[ 7.3360e-02, -6.3690e-03, -1.7595e-02],
          [ 4.2517e-02, -4.2936e-02,  3.5157e-02],
          [-5.4292e-02, -6.6382e-02, -3.0360e-02]],

         [[-5.8779e-03,  5.2190e-02,  7.0205e-02],
          [-6.5609e-02,  2.6292e-03,  7.1365e-02],
          [-3.7174e-02,  5.2365e-03,  7.4525e-02]],

         [[-2.9654e-02,  2.7455e-02,  4.4614e-02],
          [ 2.2663e-02, -2.9160e-02, -7.5290e-02],
          [-5.0299e-02, -2.6052e-02,  6.2041e-03]],

         [[-7.9345e-04, -1.2753e-02,  2.9065e-02],
          [-3.1326e-02,  3.7519e-02, -4.8731e-02],
          [ 2.1031e-02,  1.0118e-01,  3.9080e-02]],

         [[-7.3295e-03, -4.9180e-02, -9.0913e-02],
          [-6.6973e-02, -8.7781e-02,  3.8503e-02],
          [-3.5127e-02, -1.6532e-02, -8.7511e-02]],

         [[-2.4436e-02,  7.6078e-02,  1.5825e-02],
          [-9.3249e-03,  5.9118e-02,  6.8811e-02],
          [ 5.6853e-02, -5.7212e-02,  3.3794e-03]]]], device='cuda:0')

----------------------colour_head.0.bias----------------------
tensor([-0.0534, -0.0309,  0.0555], device='cuda:0')

----------------------blending_mask_head.0.weight----------------------
tensor([[[[-0.0385, -0.0155,  0.0574],
          [ 0.1152, -0.0451, -0.0264],
          [-0.0073,  0.0920,  0.0690]],

         [[ 0.2590,  0.2634,  0.1948],
          [ 0.2774,  0.2164,  0.2275],
          [ 0.1979,  0.2562,  0.2583]],

         [[ 0.1011,  0.1894,  0.0862],
          [ 0.1259,  0.1879,  0.1495],
          [ 0.0673,  0.0597,  0.1032]],

         [[ 0.0628, -0.0222,  0.0131],
          [-0.0133, -0.1606, -0.1963],
          [ 0.0321, -0.0755, -0.0809]],

         [[-0.0442,  0.0935,  0.0473],
          [-0.0307, -0.0465,  0.0912],
          [ 0.0533,  0.0065, -0.0551]],

         [[ 0.0858, -0.0210,  0.0689],
          [-0.0413, -0.0327, -0.0455],
          [ 0.1010,  0.1031, -0.0492]],

         [[ 0.1014, -0.0171, -0.0472],
          [ 0.0795,  0.0845,  0.0788],
          [ 0.0530,  0.1146, -0.0414]],

         [[ 0.1665,  0.1106,  0.1199],
          [ 0.1715,  0.0596,  0.1483],
          [ 0.0168,  0.0962,  0.0396]],

         [[ 0.0187,  0.0236, -0.1429],
          [-0.0790,  0.0288, -0.1642],
          [ 0.1108,  0.0688, -0.0077]],

         [[ 0.1601,  0.1511,  0.0626],
          [ 0.1220,  0.1104,  0.1661],
          [ 0.1367,  0.0211,  0.0740]],

         [[ 0.2377,  0.2629,  0.2348],
          [ 0.2228,  0.1780,  0.2016],
          [ 0.1359,  0.2659,  0.2686]],

         [[-0.0073, -0.0251,  0.1170],
          [-0.0461,  0.0927, -0.0362],
          [-0.0200, -0.0132,  0.1091]],

         [[ 0.1719,  0.2556,  0.2045],
          [ 0.2700,  0.2409,  0.2399],
          [ 0.2632,  0.1621,  0.1574]],

         [[ 0.0819,  0.1379,  0.0272],
          [-0.0062, -0.0015,  0.0244],
          [ 0.0652,  0.0543,  0.0402]],

         [[ 0.0800,  0.1395,  0.0488],
          [ 0.2007,  0.1044,  0.1287],
          [ 0.1506,  0.0875,  0.1839]],

         [[ 0.0465,  0.0500, -0.0441],
          [ 0.0593,  0.0781,  0.0519],
          [ 0.0284,  0.0998,  0.0941]]]], device='cuda:0')

----------------------blending_mask_head.0.bias----------------------
tensor([0.1652], device='cuda:0')

----------------------input_conv.weight----------------------
tensor([[[[ 8.5181e-02,  9.2717e-02, -4.7567e-03],
          [ 1.1199e-01,  1.7754e-02,  6.0774e-02],
          [-3.1147e-02,  9.1906e-02,  1.1858e-01]],

         [[-5.2746e-02,  1.0139e-01,  4.2365e-02],
          [ 9.6049e-02,  5.1567e-02,  8.8239e-02],
          [ 8.2032e-03,  1.1263e-01,  5.2209e-02]],

         [[-4.2959e-02,  2.2218e-02, -3.9737e-02],
          [-6.0232e-03, -2.5853e-02,  8.1282e-02],
          [-6.9245e-02, -2.6607e-02, -7.1484e-03]],

         ...,

         [[-4.0146e-02,  7.5028e-02, -2.2577e-02],
          [ 7.4971e-02, -7.2340e-03,  6.6033e-02],
          [-6.4621e-02, -4.7627e-02,  2.5837e-02]],

         [[ 1.8294e-02, -2.6582e-02,  5.5308e-02],
          [ 6.3366e-02, -7.1829e-02, -5.3420e-02],
          [ 8.6061e-02, -3.4518e-02, -3.6162e-02]],

         [[-4.8164e-02, -1.0162e-02,  6.8981e-02],
          [ 3.2242e-02, -2.4905e-02,  4.7200e-02],
          [-2.0786e-02, -3.6694e-02, -8.0440e-03]]],


        [[[-6.7680e-02, -1.2489e-01,  3.3584e-01],
          [-7.9228e-03, -4.3980e-02, -8.8028e-02],
          [-3.7834e-03, -3.8174e-02,  4.5625e-02]],

         [[-1.1275e-01, -1.4961e-01,  2.8501e-01],
          [-7.5476e-02, -1.5448e-01, -6.1432e-03],
          [-1.0084e-02, -1.1811e-01, -3.4650e-03]],

         [[-6.5383e-02, -1.9879e-01,  4.3167e-01],
          [-1.2132e-01, -7.1545e-02, -3.8745e-02],
          [ 1.9909e-03, -2.5467e-02,  1.8846e-02]],

         ...,

         [[ 1.8059e-02, -7.7396e-02, -2.9655e-02],
          [ 8.1272e-03,  1.0625e-02, -4.7345e-02],
          [ 1.2012e-02,  2.4630e-02,  3.4599e-02]],

         [[ 3.2703e-02,  3.6535e-02, -7.7827e-02],
          [-2.5941e-02,  9.0604e-02,  4.7054e-02],
          [ 4.7834e-03, -4.8445e-02, -4.9302e-02]],

         [[-8.0931e-02, -2.6101e-02,  3.7760e-02],
          [ 6.6619e-02,  4.9691e-02, -7.9793e-02],
          [-5.2602e-02, -9.9217e-03,  9.8348e-02]]],


        [[[ 5.7885e-02,  1.2790e-02,  3.9715e-02],
          [-1.3239e-02, -1.8686e-01,  5.2696e-02],
          [ 8.9034e-03, -3.6969e-02, -5.9362e-02]],

         [[ 1.5998e-01,  1.6857e-01,  1.1176e-01],
          [ 2.7503e-02, -1.4744e-01, -1.7014e-02],
          [ 1.7798e-01,  7.9256e-02,  1.7377e-01]],

         [[ 5.4701e-02,  1.8646e-02, -1.5428e-02],
          [-8.1640e-02, -2.2939e-01, -1.3947e-01],
          [ 4.8047e-02, -1.0574e-01, -2.2070e-02]],

         ...,

         [[ 1.7910e-02,  2.6699e-03,  1.1626e-02],
          [ 1.9354e-02,  8.0539e-04, -4.8052e-02],
          [-3.3745e-03, -3.9771e-02,  5.6727e-02]],

         [[-5.5317e-02,  8.6888e-03, -5.0196e-02],
          [-8.9895e-03,  7.2902e-02,  2.7524e-02],
          [-1.0020e-01,  2.1383e-02,  7.4532e-02]],

         [[-1.4430e-04,  3.9052e-02,  6.9408e-02],
          [-4.0204e-02, -5.4875e-03, -9.2339e-02],
          [-4.5289e-02,  4.5803e-02,  2.3870e-02]]],


        ...,


        [[[ 7.6920e-02, -5.5003e-02, -6.3808e-03],
          [-4.9320e-02,  4.3425e-02, -2.8498e-02],
          [ 2.6658e-02,  8.3218e-03, -6.4616e-02]],

         [[-5.9166e-02, -8.5805e-02, -4.4759e-02],
          [ 2.9924e-02,  2.7237e-02,  9.2113e-02],
          [-8.4056e-02,  1.0760e-02, -8.1333e-02]],

         [[ 3.6311e-02,  8.3023e-02, -3.5875e-02],
          [ 1.2864e-01,  4.4778e-02,  1.6105e-01],
          [ 2.5234e-02,  1.1732e-01,  1.4032e-01]],

         ...,

         [[-2.7321e-02,  5.8595e-02,  6.2479e-02],
          [ 5.4718e-02,  6.1323e-02, -5.1572e-02],
          [-2.5577e-02, -5.3645e-02,  4.5557e-02]],

         [[ 4.3385e-02, -5.4925e-02,  7.3175e-03],
          [-5.9063e-02, -7.1154e-02,  1.0713e-01],
          [-2.8998e-02,  6.2353e-02, -2.0228e-03]],

         [[-3.1350e-02, -1.1927e-02,  6.3183e-02],
          [-2.5176e-02,  6.7757e-02,  4.4437e-02],
          [ 5.4146e-02, -9.9136e-02, -5.6859e-02]]],


        [[[-6.2884e-02,  3.2379e-02, -4.5858e-03],
          [ 3.4350e-02,  1.6920e-01,  8.9673e-02],
          [-7.5707e-02, -4.4742e-02,  9.5966e-02]],

         [[-2.5554e-03,  5.0710e-02, -7.7366e-02],
          [-4.2972e-02,  4.5635e-02, -9.6079e-02],
          [ 3.0269e-02,  1.2870e-02, -8.5287e-02]],

         [[-8.8276e-02, -6.0430e-02, -8.3290e-02],
          [-1.1028e-01,  1.2465e-02, -2.5369e-01],
          [-1.3020e-01, -2.0040e-01, -1.2904e-01]],

         ...,

         [[ 3.8154e-02, -6.2612e-02,  8.3245e-03],
          [ 1.4923e-03, -8.3629e-03, -2.6080e-02],
          [-3.9525e-02,  1.2356e-01, -5.3412e-02]],

         [[ 1.0309e-01, -6.2003e-02, -9.7057e-03],
          [-2.5780e-02, -3.7864e-02,  4.7851e-02],
          [ 6.9411e-02, -4.9570e-02, -3.1177e-02]],

         [[ 5.3921e-02, -6.8251e-03,  2.8242e-02],
          [ 5.5117e-02, -3.0762e-02, -4.8597e-02],
          [ 4.0226e-02, -3.0431e-02, -5.9246e-02]]],


        [[[-7.3579e-02, -4.4063e-02,  1.0382e-01],
          [ 3.4278e-03,  5.6842e-02,  3.2143e-02],
          [-1.0625e-01,  4.6218e-02, -2.0627e-02]],

         [[-1.0661e-02,  1.0571e-01, -2.6534e-02],
          [ 4.2051e-02, -3.7402e-02,  8.6844e-02],
          [ 3.6768e-02, -6.3513e-02,  7.6667e-02]],

         [[ 8.2331e-03, -4.7807e-02,  7.7750e-02],
          [ 5.0182e-02,  5.5350e-02, -2.4179e-02],
          [-6.5581e-02, -5.1448e-02,  3.9477e-02]],

         ...,

         [[-7.4674e-02,  3.5177e-02, -8.1909e-02],
          [ 5.3801e-02,  7.6083e-03,  7.5956e-02],
          [-7.4896e-02,  4.5946e-02, -8.0350e-02]],

         [[-4.7937e-02,  4.0604e-02, -1.2194e-02],
          [-7.1970e-02, -7.7877e-02, -2.0979e-02],
          [ 3.0646e-02,  8.8522e-02,  7.4772e-02]],

         [[ 2.9788e-02, -3.0813e-02, -5.7579e-02],
          [ 1.1418e-01, -2.5439e-02,  1.1288e-02],
          [-4.9434e-02, -3.8301e-02,  4.6882e-02]]]], device='cuda:0')

----------------------input_conv.bias----------------------
tensor([-0.0100,  0.0049,  0.0210,  0.0377,  0.0542,  0.0178,  0.0169,  0.0784,
         0.0770, -0.1768, -0.1310,  0.0226,  0.0190,  0.0335,  0.0745,  0.0201,
        -0.0177, -0.0063,  0.0690,  0.0324, -0.1470,  0.0198, -0.0991,  0.0101,
         0.0510,  0.0018,  0.0185, -0.1570,  0.0441,  0.0583,  0.0401,  0.0124],
       device='cuda:0')

----------------------body.0.weight----------------------
tensor([[[[ 2.3157e-02, -1.0283e-02, -1.6213e-02],
          [-1.6516e-02,  7.5830e-02, -2.1333e-04],
          [ 2.1623e-02, -3.6437e-02,  3.0688e-02]],

         [[-2.5785e-02, -2.9538e-02,  2.5388e-02],
          [-1.1095e-01, -5.9343e-02, -4.6981e-02],
          [-2.8616e-02, -9.6921e-02, -2.0975e-02]],

         [[ 1.9622e-02, -6.1645e-02,  1.9835e-02],
          [ 3.3004e-02, -4.6217e-02,  1.3350e-02],
          [ 3.4620e-02,  5.8439e-02,  6.2545e-02]],

         ...,

         [[ 4.6506e-02,  4.4850e-02, -4.2273e-02],
          [-3.6078e-02, -1.4900e-02, -3.8693e-02],
          [ 1.8222e-02, -3.7018e-02, -4.0716e-02]],

         [[-1.4448e-02,  1.1811e-02, -3.9540e-02],
          [-7.2197e-02, -1.4214e-02, -8.5299e-04],
          [ 1.7047e-02, -1.9665e-02, -2.2342e-03]],

         [[-5.1139e-02,  5.5780e-02, -3.8858e-02],
          [-3.0508e-02,  4.8212e-02, -1.2719e-02],
          [ 3.7930e-02, -4.2310e-02,  3.9695e-02]]],


        [[[ 6.1707e-02,  1.3537e-02,  3.4371e-02],
          [-3.5464e-02, -7.1481e-03,  1.5698e-02],
          [ 3.3870e-02, -3.3421e-02,  2.0095e-02]],

         [[-1.3389e-02, -1.4071e-03,  1.6497e-02],
          [-7.1979e-02, -4.3855e-02,  1.6040e-02],
          [ 1.6024e-02, -2.7635e-02, -2.4539e-02]],

         [[-5.6395e-02, -8.5210e-02,  3.7499e-02],
          [-7.8925e-02, -4.2371e-02,  3.4148e-02],
          [ 5.4552e-02, -3.9369e-02, -1.8698e-02]],

         ...,

         [[ 2.6258e-02,  7.8842e-02,  9.0594e-04],
          [ 4.6627e-02,  5.7505e-02,  1.0249e-02],
          [ 4.8510e-02,  4.7282e-02,  4.1553e-02]],

         [[-4.5201e-02,  2.0717e-02, -4.4023e-02],
          [-6.6397e-03, -3.5936e-03,  1.4409e-02],
          [-5.7679e-02,  1.5271e-03, -4.5970e-02]],

         [[ 3.3370e-02,  5.1036e-03, -5.5137e-02],
          [ 6.0333e-03,  1.9546e-02,  2.7151e-02],
          [ 5.7229e-02,  2.0618e-02,  6.9682e-03]]],


        [[[ 4.5632e-02, -3.9432e-02,  5.0918e-02],
          [ 7.7657e-03,  5.5239e-02,  3.1540e-02],
          [ 7.8351e-03,  5.6365e-02, -2.3553e-02]],

         [[ 3.6170e-02,  6.4422e-02,  1.3302e-02],
          [ 1.1423e-02, -6.0994e-02, -1.4855e-02],
          [ 6.1101e-03,  1.1671e-02, -6.3578e-02]],

         [[ 1.1576e-03, -2.6811e-02,  3.6276e-02],
          [-6.2678e-02, -3.9717e-02, -4.5805e-02],
          [-2.4528e-02, -7.7015e-03, -4.7095e-02]],

         ...,

         [[ 5.6351e-02, -3.3403e-03, -8.5847e-03],
          [ 1.6694e-02,  6.1363e-02,  1.9867e-02],
          [-6.2645e-02, -2.4835e-02,  5.1601e-02]],

         [[-2.3449e-02, -3.5981e-02, -6.1315e-02],
          [-2.4943e-02, -2.7566e-02,  8.3022e-04],
          [ 1.4388e-02,  5.5259e-02,  1.8988e-02]],

         [[ 5.4070e-04,  3.0137e-02,  2.8633e-02],
          [-4.7198e-02,  3.1814e-02, -4.1839e-02],
          [ 4.2856e-02, -3.0721e-02,  3.6447e-03]]],


        ...,


        [[[-6.1945e-02, -7.8233e-02, -4.0367e-02],
          [-2.1977e-02,  1.0897e-02, -5.0732e-02],
          [ 3.8736e-02,  2.6079e-02,  3.0558e-02]],

         [[-9.6656e-02, -8.3230e-02,  3.8082e-02],
          [ 1.8677e-01, -1.6120e-01,  3.9912e-04],
          [-4.4269e-01,  3.2765e-03, -4.1754e-02]],

         [[ 3.2684e-02,  6.9851e-02, -6.7641e-02],
          [-2.6968e-02,  8.3694e-02,  1.8738e-02],
          [-1.9090e-02, -6.6363e-02,  3.3496e-02]],

         ...,

         [[ 2.0966e-02, -2.1850e-02,  4.7757e-02],
          [-3.5619e-02,  4.3862e-03,  4.6082e-02],
          [ 2.5577e-02, -2.7572e-02,  6.1274e-02]],

         [[-5.1475e-02, -2.3869e-02,  3.4454e-02],
          [-4.7025e-02, -6.0312e-02,  3.5500e-02],
          [ 3.6037e-02, -2.3237e-02,  8.9544e-02]],

         [[ 4.8132e-02, -1.8732e-02,  8.9840e-03],
          [-2.1642e-02, -3.5099e-02,  4.4778e-02],
          [ 3.5917e-02,  2.3014e-02,  6.5749e-02]]],


        [[[-6.8078e-02, -9.7551e-04, -3.6418e-02],
          [ 2.5405e-02,  6.1721e-03, -3.8320e-02],
          [-5.5641e-03,  2.5816e-02, -1.0650e-02]],

         [[ 1.0345e-01,  8.8858e-02,  7.4203e-02],
          [ 2.9820e-02,  8.0439e-03,  2.0823e-02],
          [ 3.7781e-02, -1.9336e-02,  3.0178e-02]],

         [[ 2.0940e-02, -2.4956e-02, -3.2355e-02],
          [ 8.9696e-03, -1.3229e-01, -4.8753e-02],
          [ 3.5871e-03, -1.8383e-02, -6.1159e-02]],

         ...,

         [[ 4.8522e-03,  5.9744e-02, -2.3397e-02],
          [-2.9611e-03,  4.1991e-02,  2.7800e-02],
          [ 6.7969e-02,  1.9027e-02,  1.6494e-02]],

         [[ 5.2142e-02, -3.4391e-03, -4.1994e-02],
          [ 8.6575e-03, -3.2431e-02,  4.0409e-02],
          [ 2.1777e-02,  1.9799e-02, -2.3865e-02]],

         [[-2.3293e-02, -4.0113e-02, -1.8223e-02],
          [ 2.3139e-02, -2.5848e-02, -3.5472e-02],
          [ 4.9788e-02, -1.7220e-02,  3.2289e-02]]],


        [[[ 6.6876e-02,  7.7826e-02, -8.6253e-04],
          [-1.0473e-02, -6.4446e-02, -1.1237e-02],
          [ 1.1858e-02, -4.3273e-02, -6.2820e-03]],

         [[ 2.4132e-02,  2.6324e-02, -4.0981e-02],
          [ 8.2287e-02,  9.2663e-02,  5.1174e-02],
          [-6.6609e-02,  9.2789e-03,  1.3170e-01]],

         [[ 5.8240e-02,  2.8422e-02, -1.5186e-02],
          [ 5.8063e-02,  7.1968e-02,  5.2917e-02],
          [-4.8879e-02, -6.7779e-03, -2.9043e-02]],

         ...,

         [[ 5.9830e-03, -1.1675e-02, -1.7586e-02],
          [-1.8639e-02,  5.6606e-02, -2.0910e-02],
          [-5.3932e-02,  2.5038e-02,  2.5535e-02]],

         [[-4.5929e-02, -1.7879e-02,  4.9685e-02],
          [-2.4606e-02,  2.3668e-02, -1.8931e-02],
          [-6.9535e-02, -7.3532e-02,  4.3658e-02]],

         [[ 1.1616e-02,  1.3794e-02,  3.4585e-02],
          [ 1.7153e-03,  1.4381e-02,  4.4227e-02],
          [ 1.7730e-02, -9.9660e-03, -1.6931e-03]]]], device='cuda:0')

----------------------body.0.bias----------------------
tensor([ 0.0145, -0.0382,  0.0250,  0.0068,  0.0220, -0.0059,  0.0337,  0.0114,
        -0.0132,  0.0132, -0.0187,  0.0014,  0.0405,  0.0139, -0.0034, -0.0020,
         0.0127, -0.0328, -0.0285,  0.0468,  0.0050,  0.0144, -0.0261, -0.0230,
        -0.0263,  0.0457, -0.0481, -0.0393, -0.0071,  0.0568, -0.0394,  0.0533],
       device='cuda:0')

----------------------body.2.weight----------------------
tensor([[[[ 5.7510e-02, -8.9348e-03,  3.0403e-03],
          [ 1.4271e-02,  6.7482e-02,  9.5494e-03],
          [ 2.9875e-02, -1.9677e-03,  1.0034e-02]],

         [[-1.5988e-02,  2.6446e-02, -1.0341e-02],
          [ 2.1724e-02,  3.5845e-02, -4.4137e-02],
          [ 4.8008e-02,  4.7657e-02,  3.7442e-02]],

         [[ 5.3199e-02,  2.0129e-02,  2.0407e-02],
          [ 3.8732e-02,  4.2099e-02, -4.0752e-02],
          [ 2.9504e-02, -3.4593e-04,  1.5800e-02]],

         ...,

         [[-8.3778e-02,  2.2992e-02, -6.2205e-03],
          [ 3.5340e-03, -1.2882e-02, -3.0059e-02],
          [ 2.0028e-02, -3.3303e-02, -7.4779e-02]],

         [[ 1.2593e-02, -2.6658e-02,  7.2919e-03],
          [ 1.8288e-02,  4.7842e-02, -1.5897e-02],
          [ 2.5735e-02, -1.5075e-02, -3.3835e-02]],

         [[ 3.6304e-02,  7.6820e-02, -1.6227e-01],
          [ 1.2342e-01, -1.4562e-01, -1.7098e-01],
          [ 1.6194e-01,  8.8834e-02,  1.4065e-02]]],


        [[[ 1.4130e-02,  5.4893e-02,  2.3149e-02],
          [ 1.8533e-03, -9.7710e-03,  5.6761e-02],
          [ 3.8977e-02,  1.7035e-02,  9.9835e-03]],

         [[-1.3610e-02, -2.2079e-02,  2.3288e-02],
          [-3.8191e-02,  2.2473e-02,  5.5035e-02],
          [ 3.5342e-02,  4.8144e-02,  1.9959e-02]],

         [[-2.3736e-02,  4.1696e-02,  5.1616e-02],
          [ 3.2008e-02,  5.6816e-02, -3.6934e-02],
          [-4.6955e-02, -3.8444e-03,  2.1128e-02]],

         ...,

         [[ 2.6331e-02, -4.4985e-02, -2.3769e-02],
          [ 5.0931e-03, -4.0302e-02, -4.5247e-02],
          [-6.1705e-03, -5.0765e-02,  3.8947e-03]],

         [[-4.4370e-03,  1.6882e-02,  6.3535e-03],
          [-6.7036e-03,  6.2048e-02, -2.1260e-02],
          [ 1.8649e-02,  1.9492e-02, -1.4090e-02]],

         [[-1.2452e-02, -2.1159e-02,  3.2896e-02],
          [ 1.0196e-02,  3.6899e-02, -3.2275e-02],
          [ 2.5845e-02,  2.9812e-02, -4.2606e-02]]],


        [[[-9.5284e-03, -2.8507e-03, -5.0225e-02],
          [ 5.5432e-02,  2.6032e-02,  3.3065e-02],
          [ 4.2277e-02, -1.4168e-02, -3.7767e-04]],

         [[ 5.3375e-02, -4.8723e-02,  4.1292e-02],
          [ 4.4562e-02, -1.4398e-02, -5.0113e-02],
          [ 3.1986e-02,  1.8006e-02, -4.0828e-02]],

         [[ 2.7057e-02,  1.1403e-02,  4.7449e-02],
          [ 2.5994e-02,  4.9093e-03, -6.4681e-02],
          [ 3.4112e-02,  3.8391e-02, -3.2475e-02]],

         ...,

         [[ 5.3187e-02, -6.0172e-02, -3.2913e-02],
          [ 1.3646e-02, -4.7213e-02,  1.7057e-02],
          [-3.3320e-02, -2.4082e-02, -3.9730e-02]],

         [[-5.8298e-03,  4.9923e-02, -5.0973e-02],
          [-3.3597e-02, -4.5976e-02, -3.3720e-02],
          [-2.6634e-02, -4.2010e-02, -7.6369e-02]],

         [[-6.2319e-02, -8.5636e-02, -4.5759e-02],
          [ 1.6498e-02, -9.9127e-03, -9.3382e-03],
          [ 6.0679e-02,  4.7550e-02, -1.4631e-02]]],


        ...,


        [[[ 3.1158e-02, -5.0394e-02,  2.2831e-02],
          [ 2.9611e-02,  6.6285e-02, -3.2001e-04],
          [ 2.0630e-02,  3.0950e-02,  5.7038e-02]],

         [[-5.2634e-02,  2.0667e-02,  6.4920e-03],
          [ 1.7901e-03, -3.5109e-02,  3.4294e-02],
          [ 4.6392e-02,  6.0182e-04,  1.1381e-02]],

         [[-2.3649e-02, -4.1768e-02,  2.9901e-02],
          [ 3.1959e-02,  7.4868e-03,  2.6756e-02],
          [ 4.6855e-02,  4.2390e-02,  2.9570e-02]],

         ...,

         [[ 3.1928e-02,  4.2847e-02,  1.6287e-01],
          [-1.9900e-01, -4.7495e-02,  3.4011e-02],
          [-1.3200e-01, -8.3639e-02, -9.1649e-02]],

         [[-3.9317e-02, -4.9573e-02,  2.4387e-02],
          [ 6.4445e-02,  1.3723e-03, -1.0297e-02],
          [-5.4379e-03,  4.2637e-02, -2.3326e-03]],

         [[-9.0716e-02, -7.3057e-02,  9.7681e-02],
          [-3.5147e-01, -4.3516e-01, -7.0713e-01],
          [ 6.8573e-02, -1.6704e-01,  6.0104e-02]]],


        [[[-2.8581e-03,  5.3900e-02, -3.3813e-02],
          [ 5.1015e-02,  1.2853e-02,  3.1525e-02],
          [-2.9562e-03,  1.8339e-02, -2.6823e-02]],

         [[-1.6150e-02, -3.2759e-02, -3.2592e-04],
          [ 5.3777e-02,  2.6030e-02, -6.4701e-02],
          [-2.0769e-02,  1.7682e-02, -5.5062e-02]],

         [[-2.0747e-02,  8.1003e-03, -3.7032e-02],
          [-4.4990e-02,  3.7704e-02, -6.4813e-02],
          [-3.4772e-02,  2.0431e-02, -2.8176e-02]],

         ...,

         [[ 7.3500e-02, -2.1573e-02,  4.8367e-03],
          [-3.1647e-02, -2.7332e-02, -7.2561e-02],
          [ 4.2661e-03, -9.0482e-03,  7.6163e-03]],

         [[ 3.5858e-02, -5.6110e-02,  1.3487e-03],
          [ 3.6660e-02, -2.7328e-03,  1.9547e-03],
          [-5.0265e-03,  8.5385e-03, -2.1054e-02]],

         [[-6.8984e-02, -8.7809e-02, -3.3628e-02],
          [-1.8047e-02, -3.4547e-02,  2.3400e-02],
          [-4.2546e-02, -2.2043e-02, -2.6319e-02]]],


        [[[-3.5433e-02, -1.2677e-02,  8.3124e-03],
          [ 3.1830e-02,  5.5641e-02,  7.9736e-02],
          [ 1.4112e-02, -6.1839e-03, -1.1982e-02]],

         [[-2.9628e-02,  5.1826e-02,  6.0807e-02],
          [ 3.2401e-02,  3.5985e-02,  3.5851e-02],
          [ 5.4947e-02,  4.9942e-02,  5.0435e-02]],

         [[ 3.2754e-02,  2.0597e-02, -4.7771e-03],
          [ 4.9880e-02,  3.4548e-02,  5.2041e-02],
          [ 6.6338e-02,  5.8546e-02,  6.5347e-02]],

         ...,

         [[ 2.5461e-02,  1.1489e-02, -5.2243e-02],
          [-3.9242e-02,  3.7092e-02, -1.4104e-02],
          [-1.0397e-02, -3.7099e-02,  1.9651e-02]],

         [[ 3.6793e-02,  4.2140e-02, -3.8549e-03],
          [ 4.5296e-02,  5.8827e-02,  7.1806e-02],
          [-5.4785e-02,  2.6394e-02, -1.5102e-02]],

         [[-1.5216e-02, -4.8844e-02,  1.0206e-02],
          [-4.9049e-02, -3.7895e-02, -4.6501e-03],
          [ 2.7635e-02,  2.8724e-02,  4.9981e-02]]]], device='cuda:0')

----------------------body.2.bias----------------------
tensor([-5.2592e-02, -2.9086e-02, -8.3892e-03, -3.4437e-02, -1.8829e-02,
         2.5882e-02,  2.9043e-04,  4.6801e-02,  6.2216e-03, -2.1150e-02,
         4.8210e-02,  1.1882e-02,  6.0037e-02,  2.8654e-02, -4.5856e-04,
        -2.0957e-02,  1.2508e-02,  1.4735e-02,  2.4979e-02,  1.1119e-02,
         2.9677e-02, -1.3881e-02, -3.7857e-02,  7.6423e-04,  1.4181e-02,
         1.5560e-05,  7.8711e-03, -4.2168e-02, -1.8186e-02,  3.2685e-02,
        -4.4687e-02, -9.6333e-03], device='cuda:0')

----------------------body.4.weight----------------------
tensor([[[[-3.1604e-02,  2.0813e-02,  5.1508e-02],
          [ 2.4195e-02,  3.4250e-02,  4.1282e-02],
          [-5.7711e-02, -3.5377e-02, -2.7936e-02]],

         [[ 2.5069e-02,  3.6824e-02,  5.5456e-03],
          [ 4.5720e-02, -4.8357e-02, -5.9256e-03],
          [ 1.3058e-02,  5.2109e-03,  5.8861e-02]],

         [[-4.0023e-02,  3.4723e-02, -1.7108e-02],
          [-5.4941e-03,  1.8535e-02,  5.0974e-02],
          [-2.2218e-02, -7.1836e-03,  3.6327e-02]],

         ...,

         [[ 9.2448e-05, -1.6170e-02,  4.6677e-02],
          [ 8.1851e-03,  2.4648e-02,  6.4241e-02],
          [-6.8095e-02,  2.7349e-02,  7.4627e-03]],

         [[-3.3538e-02,  5.1486e-02,  3.3950e-02],
          [-3.8254e-02,  9.3202e-02, -6.5580e-03],
          [ 1.0040e-02,  3.3772e-02,  4.8473e-02]],

         [[-5.5471e-02,  4.7359e-02,  5.0061e-02],
          [ 3.9790e-02,  2.8455e-02, -2.9700e-02],
          [ 4.8020e-02,  7.1115e-03, -4.1032e-03]]],


        [[[-6.1854e-02, -1.5656e-02, -2.2630e-03],
          [-5.3686e-02, -3.5618e-02,  2.8532e-03],
          [ 1.0314e-02,  2.0648e-02, -6.1547e-03]],

         [[-3.9351e-02, -3.5893e-02,  4.6087e-02],
          [-1.5399e-02, -8.7208e-03,  7.1215e-03],
          [ 9.5012e-03, -3.0060e-02,  2.3729e-02]],

         [[ 2.3349e-02,  9.8075e-02,  4.1379e-03],
          [ 1.9571e-02,  5.8738e-02, -1.7412e-02],
          [ 7.4117e-03,  6.3787e-03,  3.7443e-02]],

         ...,

         [[ 6.5194e-02, -4.6390e-02, -3.0874e-02],
          [ 6.4755e-02,  4.9885e-02,  8.5655e-02],
          [ 6.7098e-02,  1.5355e-02,  5.8786e-02]],

         [[-1.3602e-02, -2.3476e-02,  1.0082e-02],
          [ 1.2163e-02, -2.3344e-02,  7.0878e-02],
          [-8.3022e-03, -7.4352e-02, -1.9272e-02]],

         [[ 1.7652e-02, -4.3443e-02, -1.9476e-02],
          [ 2.5561e-02,  1.6874e-02, -4.1347e-02],
          [ 3.6533e-02,  3.5664e-02,  1.8043e-02]]],


        [[[-3.2199e-02,  3.4238e-02,  4.8935e-02],
          [ 2.8590e-02, -1.7454e-02,  3.0472e-02],
          [-4.8238e-02, -3.0669e-02, -2.2460e-02]],

         [[ 4.4766e-02, -4.4095e-02,  2.4962e-02],
          [-5.1997e-03, -3.8418e-03,  1.9302e-02],
          [-4.8337e-02,  2.2893e-02,  3.9366e-02]],

         [[-4.8219e-02,  1.8701e-02, -1.7560e-02],
          [-1.5117e-03, -1.7103e-02,  1.2676e-02],
          [ 1.9793e-02, -3.0383e-02, -4.8702e-02]],

         ...,

         [[ 3.8100e-02,  3.3885e-02, -1.7825e-02],
          [ 2.7780e-02,  2.7057e-02, -2.2379e-03],
          [ 5.5923e-02, -4.3487e-03, -2.3231e-02]],

         [[ 3.0032e-02,  1.5837e-02,  9.1755e-03],
          [ 7.4633e-02,  1.0436e-03,  6.5633e-03],
          [ 4.6855e-03,  5.1995e-02,  6.1390e-02]],

         [[-2.9786e-02, -2.9252e-02, -2.9385e-02],
          [ 1.3614e-02,  3.3522e-02, -3.4014e-02],
          [-3.2905e-02,  2.4120e-02,  4.2603e-02]]],


        ...,


        [[[ 4.2985e-02, -7.7157e-02, -3.8335e-02],
          [-7.0615e-03, -3.0078e-02,  1.7455e-02],
          [ 6.2991e-03, -3.2438e-02,  2.6540e-02]],

         [[-5.0607e-02, -5.1756e-02, -5.3009e-02],
          [ 4.4713e-03, -3.9274e-02,  4.9713e-02],
          [ 2.4870e-02,  2.2589e-02,  9.7214e-04]],

         [[-5.0660e-02, -6.5321e-03, -5.7404e-02],
          [-6.9310e-02, -4.3319e-02, -1.3316e-02],
          [-6.3094e-02, -5.8916e-03, -4.3954e-02]],

         ...,

         [[-3.4079e-02, -6.4386e-03,  5.6105e-02],
          [-8.4939e-03,  1.3950e-02,  3.8999e-02],
          [ 1.6473e-02,  4.0690e-03,  5.4593e-02]],

         [[-1.7300e-03, -2.7755e-02, -2.7989e-02],
          [-7.4020e-02, -4.0557e-02, -3.3153e-02],
          [-2.6414e-02, -3.6969e-02,  1.4429e-03]],

         [[-4.1946e-02,  1.5495e-02,  2.6678e-02],
          [-2.3374e-02, -5.6121e-02, -2.0758e-02],
          [ 4.3213e-02,  4.8656e-02, -3.9041e-02]]],


        [[[-4.1803e-02, -5.3947e-02, -1.0159e-02],
          [-4.3178e-02, -1.6838e-02,  7.7468e-02],
          [ 9.8392e-03, -3.2925e-02,  4.9859e-02]],

         [[-3.7054e-03,  2.5395e-02,  8.5918e-03],
          [ 4.1083e-02, -1.6911e-02, -5.1949e-02],
          [-2.9654e-02, -5.0509e-03, -2.7419e-02]],

         [[-4.3164e-02,  7.9781e-03,  5.5109e-02],
          [ 4.9467e-03, -4.9433e-03, -9.1179e-03],
          [-3.6257e-02, -1.7029e-02,  3.5224e-02]],

         ...,

         [[ 2.0401e-02,  5.9581e-02, -3.5561e-02],
          [-4.7161e-02,  6.5110e-02, -5.2551e-03],
          [ 3.0171e-02,  2.0869e-02,  1.4083e-02]],

         [[ 3.9529e-02, -3.9851e-02,  1.1629e-03],
          [ 5.4485e-02,  7.7272e-02,  3.2075e-02],
          [ 4.5200e-02, -1.0172e-02,  2.5308e-02]],

         [[-4.8501e-02, -5.3179e-02,  2.3774e-02],
          [-2.9984e-02,  1.7633e-02,  2.7215e-02],
          [ 5.7626e-02, -3.3455e-02, -3.0436e-02]]],


        [[[ 4.9357e-03, -4.3914e-03, -3.3641e-02],
          [-5.5500e-02,  1.7703e-02, -6.0134e-02],
          [-3.7971e-02,  1.4986e-02, -5.2371e-02]],

         [[ 4.2649e-02, -1.5085e-02,  3.6801e-03],
          [-6.2203e-03,  2.3473e-02, -3.0743e-02],
          [-4.7672e-02, -7.2643e-02, -5.0561e-02]],

         [[-8.8851e-03,  9.7487e-03,  5.8427e-02],
          [ 2.6202e-02, -8.1738e-03, -6.8885e-03],
          [ 4.3729e-02,  5.6948e-02, -4.9502e-02]],

         ...,

         [[ 3.9571e-02,  8.3027e-02,  5.4586e-02],
          [ 2.3628e-02,  2.9311e-02,  2.0539e-03],
          [ 4.8851e-02, -7.0791e-02, -1.5020e-02]],

         [[-4.4387e-02, -1.1619e-02, -7.3224e-03],
          [ 2.3923e-02, -6.4132e-02, -6.2743e-03],
          [-6.7857e-02,  9.8822e-03, -1.9806e-02]],

         [[-6.1311e-03, -4.4045e-02,  4.2965e-02],
          [ 3.0858e-02,  2.9406e-02, -4.8479e-02],
          [-5.4194e-02, -3.2551e-03, -3.5746e-02]]]], device='cuda:0')

----------------------body.4.bias----------------------
tensor([-5.8324e-03,  1.4138e-02, -1.2290e-04,  6.5498e-02, -4.8450e-02,
         5.2086e-02, -2.1303e-02, -1.1015e-02,  4.3028e-02, -1.3062e-02,
         1.0016e-02,  4.9435e-02,  3.6069e-02, -1.0413e-02, -1.3714e-02,
         3.2390e-02,  8.4336e-02, -3.7850e-02, -1.4427e-02,  1.9105e-02,
        -1.7953e-02, -3.4134e-02,  5.2263e-02, -9.2542e-03, -3.1994e-02,
        -3.3614e-02, -8.5383e-03, -2.1108e-02, -1.9009e-02,  1.4108e-01,
        -2.7306e-02,  5.7032e-02], device='cuda:0')

----------------------feature_head.weight----------------------
tensor([[[[ 4.1867e-02,  3.1746e-03,  4.4277e-02],
          [-2.3403e-02,  5.6658e-02,  1.8344e-02],
          [-7.7097e-03, -5.4451e-02,  1.0816e-02]],

         [[-5.4498e-02,  2.3879e-02, -2.8529e-02],
          [-3.4319e-02, -1.2968e-04, -4.0609e-02],
          [ 6.3639e-03,  1.0228e-02,  2.0947e-02]],

         [[ 5.0489e-02,  4.5056e-02,  3.9481e-02],
          [-3.0431e-02, -2.2019e-02,  5.3098e-02],
          [-2.9813e-02,  9.7923e-03,  3.2477e-02]],

         [[ 5.6716e-02,  1.8582e-02,  2.1025e-02],
          [ 5.5251e-02,  4.1742e-02, -2.7161e-02],
          [ 1.7952e-02,  7.9540e-03,  3.0463e-02]],

         [[-2.8864e-02, -8.2372e-03,  2.0131e-02],
          [ 4.5744e-02,  2.8119e-02, -4.0285e-02],
          [ 1.1249e-02, -1.3640e-02,  1.4047e-02]],

         [[ 1.8608e-02,  1.7062e-02, -3.1178e-02],
          [ 4.6003e-02,  1.4730e-03,  4.4543e-02],
          [ 3.2778e-02,  2.5783e-02, -1.7129e-02]],

         [[ 4.0698e-02, -8.0423e-03,  2.9358e-02],
          [-1.2030e-02, -7.7142e-03,  3.4229e-02],
          [-3.9252e-02, -3.0299e-02, -4.9480e-02]],

         [[ 4.4034e-02,  5.5345e-02,  8.5781e-03],
          [ 2.1658e-02,  2.9472e-02,  1.9276e-02],
          [ 6.3142e-03,  2.1523e-02,  3.5566e-02]],

         [[-3.6208e-02, -2.3868e-02, -5.9119e-03],
          [-5.8382e-02,  1.7730e-02,  8.2089e-03],
          [-1.3532e-03,  3.0797e-02, -3.5959e-02]],

         [[-9.6334e-03,  2.2338e-02,  1.6471e-02],
          [ 2.0247e-02, -1.8854e-02, -1.7574e-02],
          [-1.5495e-02, -4.9696e-02,  2.8702e-02]],

         [[-5.1384e-02,  4.6487e-02, -1.0265e-02],
          [ 1.5433e-02,  5.2421e-02,  3.1031e-03],
          [ 4.6091e-02,  1.6512e-02, -2.3075e-02]],

         [[-1.6662e-02, -2.0279e-02,  5.0539e-02],
          [-3.0372e-02, -2.2793e-02, -6.5852e-03],
          [-1.9902e-02, -3.7709e-02,  3.7708e-03]],

         [[ 3.3849e-02, -2.0642e-02, -1.5595e-02],
          [-4.3177e-02,  1.5145e-02,  1.1548e-02],
          [ 2.9771e-02,  4.8139e-02, -3.0901e-02]],

         [[ 4.2328e-02, -4.1217e-02, -1.3877e-02],
          [-4.6203e-02, -1.6559e-02, -3.7640e-02],
          [-5.3343e-02, -3.6218e-02, -2.4339e-02]],

         [[-4.8299e-02,  4.2836e-02,  5.0337e-02],
          [ 2.4525e-03, -8.7642e-03, -4.0735e-02],
          [ 5.1095e-02,  1.0292e-02, -1.6283e-03]],

         [[-1.5815e-02,  5.0745e-02,  3.9371e-02],
          [ 5.6352e-02,  5.0111e-02, -4.8688e-02],
          [-5.2372e-02, -3.7239e-02, -4.9404e-02]],

         [[-1.3181e-02, -1.8391e-02, -1.7256e-02],
          [ 2.1881e-02, -1.5030e-02,  3.5022e-02],
          [ 1.7759e-02,  4.9933e-02,  3.5182e-02]],

         [[-2.2770e-02, -2.3855e-02, -1.2104e-03],
          [-5.5685e-02, -3.4334e-02, -3.3554e-02],
          [ 4.5718e-02, -3.5163e-02, -3.6438e-02]],

         [[-4.3622e-02, -5.8836e-03, -3.5109e-02],
          [-5.2302e-02,  5.7089e-02, -2.2397e-02],
          [-4.3487e-03,  7.7315e-03,  3.1463e-03]],

         [[ 1.7110e-02,  2.6335e-02, -2.2395e-02],
          [-2.3484e-02, -6.9041e-03, -5.5354e-02],
          [-3.1282e-02,  2.5426e-02, -7.0745e-04]],

         [[-3.9725e-02, -3.8294e-02, -1.8900e-02],
          [ 5.3558e-02,  3.5285e-02, -4.2082e-02],
          [ 2.5829e-02, -4.4080e-02,  5.8301e-02]],

         [[ 8.6383e-03, -5.9230e-03,  4.7724e-02],
          [-6.8364e-03, -5.4644e-02,  3.9780e-02],
          [ 5.4461e-03, -4.9581e-02,  7.5219e-03]],

         [[ 4.2893e-02,  3.4402e-02, -5.3239e-02],
          [-3.2149e-02,  5.8911e-02,  5.1333e-02],
          [ 1.0942e-02, -1.3394e-02,  5.6981e-02]],

         [[ 5.4329e-03,  4.0867e-02, -5.8846e-02],
          [-4.0962e-02,  4.7788e-03, -2.1551e-03],
          [-3.1838e-03, -3.0560e-02,  1.8802e-02]],

         [[-5.1521e-02, -1.0188e-02, -5.3109e-02],
          [-1.6198e-02,  2.4427e-02, -1.1997e-02],
          [-4.7516e-02, -4.8422e-02,  2.0164e-02]],

         [[-1.2334e-02,  1.3172e-02,  3.1541e-02],
          [-2.0354e-02, -4.9370e-02,  3.2933e-02],
          [ 5.2849e-02, -3.4187e-02, -4.2660e-02]],

         [[-2.3774e-02,  9.6235e-03,  1.1837e-02],
          [ 2.0548e-02,  5.4315e-02, -3.8858e-02],
          [ 3.6881e-02,  5.6781e-02, -2.7761e-02]],

         [[-3.8132e-02,  5.3136e-02,  5.7874e-02],
          [ 1.2523e-02, -2.8000e-02, -1.8802e-02],
          [-5.7134e-02, -6.9210e-03, -3.0594e-02]],

         [[ 5.3702e-02, -4.9840e-03,  2.2339e-02],
          [ 3.5314e-02,  2.6534e-02,  2.3576e-02],
          [-2.7682e-03, -7.6065e-03, -4.8477e-02]],

         [[-3.2153e-02,  1.9153e-03,  5.4108e-02],
          [-1.1927e-03,  2.3094e-02,  2.4364e-02],
          [-4.9010e-02,  5.2441e-02,  2.1224e-02]],

         [[-9.6074e-03, -3.5226e-02, -4.1331e-02],
          [-1.9246e-02, -1.8266e-02, -4.6376e-03],
          [ 3.8436e-02, -3.4659e-02, -2.9783e-02]],

         [[-1.6728e-02, -2.9190e-02,  1.1435e-02],
          [-2.3362e-02, -2.5616e-02,  5.4520e-02],
          [-1.4410e-02, -4.5837e-02,  3.3801e-02]]],


        [[[-1.2406e-02, -2.6916e-02,  4.7693e-02],
          [-2.0513e-02, -2.8490e-02,  1.8097e-02],
          [-1.3668e-02,  4.7419e-02,  4.4113e-02]],

         [[-2.8507e-03, -1.6893e-02,  3.4713e-02],
          [ 3.3872e-02, -3.9191e-02,  1.6757e-02],
          [ 1.6545e-02,  5.8457e-02, -3.4335e-02]],

         [[-4.3798e-02, -1.6058e-02, -5.8143e-02],
          [-1.3456e-03,  2.9765e-02, -3.0525e-02],
          [ 5.5851e-02,  3.3716e-02,  3.6833e-02]],

         [[-3.7235e-02,  3.5484e-02,  3.8191e-02],
          [ 3.5456e-02, -4.3862e-02,  2.4367e-02],
          [ 1.3338e-02,  4.9411e-03,  5.2335e-02]],

         [[-2.0036e-04, -2.1108e-02, -3.8747e-02],
          [-4.1910e-02, -1.9824e-02,  4.2514e-02],
          [ 3.0205e-02,  2.5042e-02,  2.6642e-02]],

         [[ 1.2764e-02, -1.8012e-02,  2.1286e-02],
          [-1.6599e-02,  2.4466e-02,  2.8374e-02],
          [-4.0701e-02, -4.2451e-02, -5.8091e-02]],

         [[ 1.3933e-02, -2.1865e-02, -7.5049e-03],
          [ 7.4734e-03,  1.0243e-02, -5.0624e-02],
          [-6.4899e-03, -1.0701e-02, -1.3142e-02]],

         [[-5.8924e-02, -4.0758e-02, -1.3878e-02],
          [ 1.4157e-02,  4.2179e-02, -3.0793e-02],
          [-8.2076e-05,  4.4586e-02, -1.7861e-02]],

         [[ 2.3503e-02,  3.6753e-02, -1.5422e-02],
          [-3.3563e-02,  2.7976e-02,  1.8661e-02],
          [-2.4519e-02, -4.6531e-02, -4.9972e-03]],

         [[ 5.6567e-04,  3.0771e-02, -4.2900e-02],
          [ 1.1120e-02,  1.2014e-02,  1.4023e-02],
          [-4.6377e-02, -1.7733e-02, -5.8113e-02]],

         [[ 1.9455e-02, -3.2895e-02, -4.6113e-02],
          [ 4.3835e-02, -3.5813e-02,  1.6899e-02],
          [ 3.3703e-02,  2.2715e-02, -4.9617e-02]],

         [[-3.3573e-02, -5.3518e-02, -8.0930e-04],
          [ 2.0585e-02, -4.0178e-02,  2.6421e-02],
          [-5.2998e-02, -4.3555e-02, -3.3544e-02]],

         [[-7.1469e-03,  5.8813e-02,  5.8575e-02],
          [-5.6355e-02,  2.0573e-03,  3.3527e-02],
          [-6.1727e-03, -2.0518e-02,  1.2687e-02]],

         [[ 5.8298e-02, -3.2211e-02,  6.1014e-03],
          [ 5.0267e-03, -3.0485e-02, -3.4596e-02],
          [-7.0720e-03,  4.7413e-02,  1.0555e-02]],

         [[-4.6154e-02,  3.6790e-02, -9.6836e-03],
          [-1.9639e-02,  5.5150e-02, -4.9169e-02],
          [-3.3437e-02, -2.9303e-02,  5.9228e-03]],

         [[ 2.6619e-02, -5.1944e-02,  7.2430e-03],
          [ 2.0945e-02, -1.0133e-02, -5.0069e-02],
          [ 4.4407e-02,  7.6054e-03,  3.0642e-03]],

         [[ 3.6273e-02,  5.4203e-02,  2.1526e-02],
          [-2.1806e-02, -5.6139e-03, -2.1208e-02],
          [ 3.2546e-02,  4.4147e-02,  3.6053e-02]],

         [[ 4.9536e-02,  4.0154e-02,  2.4615e-02],
          [-5.8340e-02,  9.5437e-03, -2.1418e-02],
          [-2.5890e-02,  8.6885e-03,  1.1092e-02]],

         [[-4.9884e-02, -9.2754e-03,  2.4834e-02],
          [ 2.1883e-02,  1.2303e-02,  3.8466e-02],
          [ 1.6777e-02, -1.3190e-02,  3.9531e-02]],

         [[ 1.1120e-02,  3.6833e-02, -1.8143e-02],
          [-5.6461e-02, -1.8163e-02, -1.7328e-02],
          [ 3.6482e-02,  2.4127e-02, -8.1195e-03]],

         [[-2.6283e-02, -3.4133e-03,  5.4218e-04],
          [ 5.0612e-02, -7.7462e-03,  1.0211e-02],
          [-4.0183e-03,  9.1660e-03, -5.3921e-02]],

         [[ 2.6576e-03,  1.1665e-02,  7.4983e-04],
          [ 3.9129e-02,  3.3643e-02, -1.5591e-02],
          [ 3.6450e-02, -4.2077e-02,  9.8075e-03]],

         [[ 1.3444e-02,  2.7440e-02,  1.6864e-02],
          [-9.5332e-03, -2.9669e-02, -1.3369e-02],
          [ 6.6658e-03, -5.3257e-02,  2.0312e-02]],

         [[ 5.5556e-02, -2.2188e-02,  2.0295e-02],
          [ 2.0975e-02, -2.3204e-02,  3.2076e-02],
          [ 1.7487e-03,  4.5253e-02, -1.8470e-02]],

         [[ 4.2163e-02, -4.3668e-02, -1.1850e-03],
          [-2.9037e-02, -1.2181e-02,  9.6005e-03],
          [ 5.6855e-02, -1.7658e-02,  3.0464e-02]],

         [[ 3.3570e-02,  5.1339e-02,  6.2296e-03],
          [ 1.0921e-02, -4.7420e-02, -1.7262e-02],
          [-2.6051e-02,  5.6215e-02,  2.5215e-02]],

         [[-2.9975e-03, -3.5380e-03,  3.1703e-02],
          [ 5.1796e-02, -3.7348e-02,  1.5601e-02],
          [ 2.4867e-03, -4.3893e-02,  2.6869e-02]],

         [[ 2.2679e-02, -1.0942e-02,  2.4956e-02],
          [-3.4925e-02, -4.8239e-02, -5.6389e-02],
          [-3.0720e-02, -1.8910e-02, -1.8815e-02]],

         [[-5.5755e-02,  1.7554e-02, -1.0392e-02],
          [-5.3147e-02, -5.5637e-02,  4.0623e-02],
          [-5.0680e-02,  3.4174e-02,  7.3089e-03]],

         [[ 4.5775e-02, -5.0945e-02,  2.6160e-02],
          [ 2.7374e-02, -3.6524e-03,  2.5228e-03],
          [-4.4003e-02,  4.4648e-02,  2.7776e-02]],

         [[ 3.6106e-02, -3.2254e-03, -4.1483e-02],
          [ 4.2055e-02, -5.3287e-02,  2.6486e-02],
          [ 1.5312e-03,  1.8394e-02, -2.1928e-02]],

         [[-2.2594e-02, -3.3801e-02, -1.8243e-02],
          [ 1.0795e-02,  1.8547e-02,  3.7984e-02],
          [-3.4855e-02,  1.7103e-02, -3.1832e-03]]],


        [[[-4.3462e-02,  7.5473e-03, -7.1020e-03],
          [-3.3096e-02, -4.8053e-02, -3.5712e-02],
          [ 4.8614e-02, -3.0924e-02, -2.0345e-02]],

         [[-1.4681e-02, -5.3737e-02,  5.7264e-02],
          [ 4.1461e-02, -3.3709e-02, -4.3818e-03],
          [ 3.8977e-03, -3.9709e-02,  5.8894e-02]],

         [[ 3.7490e-02,  1.5301e-02, -4.7691e-02],
          [-4.5578e-02, -3.0299e-04,  4.4088e-02],
          [-2.5610e-02,  2.8718e-02, -1.2725e-02]],

         [[-4.5724e-02, -2.4956e-03,  5.8513e-04],
          [-1.9451e-02,  1.3470e-02,  3.9994e-02],
          [ 1.9603e-02,  1.2002e-02, -1.0540e-02]],

         [[ 5.4123e-02,  4.7575e-02,  8.9804e-04],
          [ 4.3323e-02,  2.8863e-02,  3.4441e-02],
          [-4.6393e-02,  1.9222e-02,  8.3051e-03]],

         [[ 1.7899e-02,  4.4256e-03,  2.5559e-02],
          [-2.0842e-02, -3.5871e-02, -3.0382e-02],
          [-3.2468e-02, -5.6821e-02,  3.7171e-02]],

         [[ 2.1328e-02, -1.3570e-02, -9.2981e-03],
          [ 2.1729e-02,  4.7299e-03,  2.4359e-03],
          [-5.6588e-02,  1.3677e-02, -5.4411e-02]],

         [[-3.3253e-02,  5.3787e-02, -2.2402e-02],
          [-3.5826e-02,  4.6513e-02,  8.0030e-03],
          [-2.3736e-02,  1.9467e-02, -5.7890e-02]],

         [[ 1.5156e-02, -4.2605e-02, -4.8050e-02],
          [-2.9036e-02,  4.3679e-02,  1.2059e-02],
          [-1.4215e-02, -4.4852e-02, -1.1284e-02]],

         [[ 3.9548e-02,  4.0008e-02,  4.5607e-02],
          [ 3.6051e-02, -2.6969e-02,  4.2037e-02],
          [ 5.3997e-03,  3.7921e-02,  3.3564e-02]],

         [[ 1.5227e-02,  4.7936e-02,  2.9534e-02],
          [-2.2433e-02,  1.7212e-02,  2.4999e-02],
          [ 2.0535e-02,  5.8109e-02,  3.5893e-02]],

         [[-3.0449e-02,  2.3903e-02, -4.2603e-02],
          [-7.3534e-03,  5.6135e-03,  3.4117e-03],
          [-3.6801e-02, -5.7403e-02,  1.9465e-02]],

         [[ 1.9954e-02,  5.6410e-02, -3.0252e-02],
          [-4.5507e-02, -3.4191e-02, -4.9867e-03],
          [ 9.8323e-03, -5.3140e-02,  4.7124e-02]],

         [[ 2.1873e-02,  4.9313e-02,  2.3732e-02],
          [ 4.6240e-02, -9.6353e-03,  4.8362e-03],
          [ 1.9446e-02, -1.4659e-03,  3.1908e-02]],

         [[ 3.7327e-02,  7.3927e-03,  9.5224e-03],
          [ 1.0104e-02, -5.5064e-02,  4.2275e-02],
          [-2.6837e-02,  7.0673e-03, -1.9516e-02]],

         [[-4.6491e-02, -5.8239e-02,  3.5150e-02],
          [ 5.2783e-02, -4.8139e-02, -1.3275e-02],
          [-1.1965e-02, -5.4225e-02, -5.4607e-02]],

         [[ 9.2566e-03,  1.7099e-02,  2.9859e-02],
          [ 4.4886e-02, -3.4562e-03, -5.6394e-03],
          [ 2.9096e-02, -1.1073e-02, -2.2077e-02]],

         [[-1.7883e-02,  3.0242e-02,  3.3733e-04],
          [-4.5843e-03,  4.6272e-02,  3.5067e-02],
          [ 2.8118e-02,  2.9749e-03, -3.6077e-02]],

         [[ 3.9672e-02, -3.3472e-02,  4.4796e-02],
          [ 2.8629e-03,  4.0316e-02, -3.1764e-02],
          [ 1.3721e-03,  9.1851e-03, -3.6847e-02]],

         [[-2.6687e-02,  3.2899e-02,  4.3571e-02],
          [ 2.7226e-02, -4.4573e-02,  5.8303e-02],
          [ 1.4434e-02, -1.7598e-02, -1.4070e-02]],

         [[-5.0248e-02, -2.2310e-02,  5.2256e-02],
          [ 9.2271e-03,  1.2217e-02, -3.6595e-04],
          [ 1.1767e-02,  4.9497e-02,  2.8346e-02]],

         [[-2.1393e-02,  2.0516e-02, -4.6311e-02],
          [-4.3981e-02,  3.1623e-02, -4.8965e-02],
          [ 3.2454e-02,  4.7075e-02,  2.2371e-02]],

         [[-9.5665e-05,  3.6995e-02, -2.3175e-03],
          [ 5.1632e-02,  4.1093e-02,  4.5548e-02],
          [-5.8670e-02,  3.0358e-02,  1.7823e-02]],

         [[ 1.8808e-02,  1.7017e-02, -5.0296e-02],
          [-2.7251e-02, -1.3668e-02, -7.9000e-03],
          [ 2.6957e-02,  3.4390e-02, -5.8761e-03]],

         [[-3.4457e-02,  1.9855e-02, -9.4396e-03],
          [-5.0990e-02, -3.3142e-02,  6.2813e-03],
          [-4.2918e-03, -1.9293e-02,  2.9790e-02]],

         [[-4.4416e-02,  3.0278e-02, -2.9035e-02],
          [-2.3325e-02,  9.7327e-03,  4.5298e-02],
          [ 4.6994e-02, -2.0963e-02, -4.1759e-02]],

         [[-2.6844e-02, -1.8115e-02, -2.6700e-02],
          [-3.0433e-02,  5.1159e-02,  5.4060e-02],
          [-4.6110e-02, -4.1899e-02, -1.5811e-02]],

         [[ 4.5249e-02,  4.6074e-02, -5.3418e-02],
          [ 4.8595e-02,  4.0988e-02,  4.5738e-02],
          [-3.8331e-03, -3.7826e-02, -2.0246e-02]],

         [[ 2.5284e-02,  3.2662e-02,  3.6226e-02],
          [-2.5077e-02,  5.4760e-03,  3.0988e-02],
          [ 5.4402e-02, -5.4094e-02, -4.9499e-02]],

         [[ 5.6957e-02, -2.3987e-02,  5.3249e-03],
          [ 3.0543e-02,  4.7984e-02, -2.0228e-02],
          [-4.2541e-02,  1.4649e-02, -2.6899e-02]],

         [[ 5.7028e-02,  4.1110e-02, -5.2202e-02],
          [-1.1201e-02, -3.1348e-02,  4.4283e-02],
          [-4.9472e-02, -1.6368e-02,  5.6092e-02]],

         [[-6.9725e-04, -4.1230e-02,  3.7177e-03],
          [ 2.0120e-02, -8.3753e-03, -4.9129e-02],
          [-5.4683e-02,  3.9703e-02, -1.0757e-02]]]], device='cuda:0')

----------------------feature_head.bias----------------------
tensor([-0.0425,  0.0074,  0.0230], device='cuda:0')

----------------------colour_head.0.weight----------------------
tensor([[[[ 5.0735e-02,  5.7794e-02, -5.0473e-02],
          [ 1.7382e-02,  2.3064e-02,  6.1472e-02],
          [-2.0621e-04,  3.9603e-02, -5.9792e-02]],

         [[-2.5791e-02,  9.4828e-03, -5.9323e-02],
          [ 6.4188e-02,  2.2015e-02,  3.5097e-02],
          [-6.0398e-02,  3.4923e-02, -2.5103e-02]],

         [[ 2.2319e-02,  6.2299e-03, -2.4707e-02],
          [ 5.7914e-02, -1.1552e-02,  3.6009e-02],
          [-4.5188e-02, -4.7807e-02, -3.3022e-02]],

         [[-4.9594e-02,  2.5454e-03,  2.4476e-02],
          [-3.3317e-02, -2.3749e-02,  5.4257e-02],
          [ 5.8121e-02, -1.1873e-02, -4.3320e-02]],

         [[ 2.4271e-02,  3.0771e-02, -5.0268e-03],
          [-4.1370e-02, -4.6575e-02,  2.3195e-03],
          [ 1.2940e-03, -1.3937e-02,  2.5439e-02]],

         [[ 5.3220e-02,  4.4905e-02, -5.2286e-02],
          [ 3.0271e-02, -3.9868e-02,  4.3002e-02],
          [-5.4692e-02, -7.0424e-03,  2.1518e-02]],

         [[-2.3552e-03,  2.6450e-02, -1.4201e-02],
          [-3.6220e-02, -2.7875e-02,  4.6808e-02],
          [ 4.2927e-02,  6.9842e-03, -4.4716e-02]],

         [[-5.9357e-03,  4.8886e-02, -1.8042e-02],
          [-5.4036e-02,  2.3505e-02,  5.9770e-02],
          [ 2.9918e-02,  6.0559e-02, -2.2221e-02]],

         [[ 3.5386e-02,  1.8401e-03, -7.4598e-04],
          [ 6.3990e-02,  2.5445e-02, -2.5310e-02],
          [ 3.6669e-02, -2.9248e-02, -2.8531e-03]],

         [[-5.5428e-02, -1.6700e-02, -1.0334e-02],
          [-8.2751e-03,  2.1023e-02,  1.6746e-02],
          [ 1.2250e-02,  3.1046e-02, -3.6067e-02]],

         [[-3.8180e-02,  2.8738e-02, -1.9372e-02],
          [ 9.8968e-03,  5.9304e-02, -5.1952e-02],
          [ 5.3818e-02,  3.9651e-02, -5.5992e-02]],

         [[-2.3968e-02, -3.7915e-02, -2.2046e-02],
          [ 3.7168e-03, -1.3603e-02,  3.5733e-02],
          [ 2.4060e-02,  3.5863e-02, -1.7691e-02]],

         [[-3.4661e-02, -2.4500e-03,  7.2025e-02],
          [-3.8787e-02,  7.4742e-02,  6.4594e-02],
          [-1.0113e-02,  1.1086e-02, -1.5526e-02]],

         [[ 3.9820e-02, -6.0462e-03,  1.0471e-02],
          [-9.3784e-03,  5.8259e-02, -3.6350e-04],
          [ 3.1774e-02,  1.0823e-02, -1.0692e-02]],

         [[ 5.1316e-02,  1.5495e-01,  6.1416e-02],
          [-1.2188e-01, -8.1637e-02, -1.7996e-02],
          [-6.7619e-02,  2.0757e-02,  4.6645e-03]],

         [[-1.5226e-02,  5.2488e-02, -4.8196e-02],
          [-5.6846e-02,  3.6426e-02, -1.1951e-02],
          [ 1.4065e-03, -1.4782e-02,  4.3211e-02]],

         [[ 1.6211e-02, -3.2686e-03,  5.0874e-02],
          [-8.0764e-03, -7.0697e-02,  1.2127e-02],
          [ 2.1323e-02, -3.9370e-02,  5.2667e-03]],

         [[ 2.7732e-03, -2.7761e-02, -4.2133e-02],
          [ 4.7944e-02,  3.9209e-02, -4.4347e-02],
          [ 5.4930e-02,  2.7993e-02, -6.0072e-02]],

         [[ 3.8854e-02, -4.2777e-02, -1.2172e-02],
          [-1.9150e-02, -2.0430e-02,  8.2799e-03],
          [ 1.0392e-02,  1.6815e-02,  5.3789e-03]],

         [[-1.6673e-03,  1.2024e-01, -2.0400e-02],
          [ 1.6769e-02, -5.1297e-02, -1.8960e-03],
          [-2.5583e-02, -1.8663e-02,  5.4211e-03]],

         [[ 2.8228e-02,  2.2824e-02, -2.4047e-02],
          [-2.8144e-02,  6.6996e-02,  5.5751e-02],
          [ 3.0922e-02,  5.2491e-02, -4.3520e-02]],

         [[-8.4303e-02, -1.0381e-01,  2.0974e-02],
          [ 6.8847e-03,  2.9114e-02,  5.9245e-02],
          [ 3.8147e-02,  1.3875e-01,  1.2005e-01]],

         [[-3.4460e-02, -4.2745e-02, -2.2289e-02],
          [ 4.5852e-02, -5.7175e-02,  2.7137e-02],
          [ 3.1791e-02,  4.1434e-02, -2.4625e-02]],

         [[ 4.8569e-02,  9.0592e-02, -5.5804e-03],
          [ 9.2817e-02,  1.1996e-01,  2.7699e-02],
          [-3.5384e-02, -4.5784e-03,  4.4770e-03]],

         [[ 4.5934e-02,  4.3529e-02, -2.8502e-02],
          [ 4.7235e-02,  6.8087e-02,  5.1788e-02],
          [ 4.7377e-02, -4.0624e-02,  2.7286e-02]],

         [[ 1.7961e-02,  1.0970e-03, -3.2948e-03],
          [-6.7363e-02,  2.3963e-02, -7.9074e-02],
          [-4.7800e-02,  6.1299e-02,  1.0415e-02]],

         [[ 3.5183e-02, -4.1265e-02, -4.6613e-02],
          [ 2.2064e-02, -4.1189e-02,  8.9171e-03],
          [ 1.8613e-02,  2.3653e-02,  2.4431e-02]],

         [[-2.8793e-02, -1.6260e-02,  5.4832e-02],
          [ 1.2112e-02, -2.6587e-02,  4.7727e-02],
          [-3.1801e-02,  3.5842e-02, -5.0911e-02]],

         [[ 1.3433e-02, -7.6669e-03,  3.7574e-03],
          [-1.9479e-02,  5.3246e-03, -1.2762e-02],
          [ 4.4889e-02, -2.1072e-02, -1.3156e-02]],

         [[-2.4909e-02, -1.5410e-02,  4.8788e-02],
          [ 6.0007e-02, -4.3794e-02,  2.4463e-02],
          [ 3.5344e-02, -2.9324e-02, -4.9234e-02]],

         [[-2.5428e-02, -7.3862e-02,  1.6359e-03],
          [ 9.4540e-02,  5.6846e-02,  5.3172e-02],
          [ 4.5820e-02,  4.0395e-02, -5.0976e-02]],

         [[-2.3808e-02, -5.1521e-02, -2.4795e-02],
          [ 2.8815e-02,  2.5887e-02, -3.3328e-02],
          [ 4.8008e-03, -3.0732e-04,  3.9719e-02]]],


        [[[-2.4857e-02, -3.9669e-03,  2.0630e-02],
          [ 2.1181e-02,  9.5460e-04,  5.3087e-02],
          [-3.3867e-02, -1.3547e-02, -4.5597e-02]],

         [[ 8.8616e-03, -2.9940e-02,  1.5261e-02],
          [ 6.5112e-03, -1.7555e-02,  4.2874e-02],
          [-7.9699e-02,  1.7603e-02,  3.9561e-02]],

         [[-2.9282e-02,  2.8293e-02, -4.5968e-02],
          [ 6.3303e-02, -2.9467e-02, -1.3899e-02],
          [-9.9650e-03,  2.5000e-02, -5.6624e-03]],

         [[-4.6885e-02, -4.5522e-02, -3.5433e-03],
          [-3.1738e-02,  5.5304e-03,  4.1017e-02],
          [ 3.5875e-02,  1.4618e-02,  5.7208e-02]],

         [[ 2.0653e-02, -6.0778e-03, -4.1197e-02],
          [ 1.2411e-02, -4.0645e-02, -1.7457e-03],
          [-4.3840e-02, -2.5880e-02, -2.1578e-02]],

         [[ 1.0605e-02,  9.5843e-03, -5.7018e-03],
          [-2.8673e-02, -6.1769e-02,  2.0875e-02],
          [ 5.0291e-02,  3.9261e-02, -3.8386e-02]],

         [[-3.8677e-02, -2.8387e-02, -1.9633e-02],
          [-4.4037e-02,  5.2584e-02, -1.2422e-02],
          [ 3.4749e-02,  2.4914e-02,  2.1586e-02]],

         [[-4.9862e-02,  7.3358e-02,  3.5621e-02],
          [-4.9756e-02, -1.8738e-02,  3.3770e-02],
          [-1.0125e-02, -3.1805e-02,  1.0480e-02]],

         [[-4.0739e-02,  6.5821e-02,  5.7538e-02],
          [ 4.4910e-02,  4.4363e-02, -2.8807e-02],
          [-1.2525e-03,  3.4344e-02,  1.3262e-02]],

         [[ 5.7446e-02,  2.4310e-02, -4.5320e-02],
          [-2.6094e-02,  5.8266e-02,  3.9596e-02],
          [ 2.3995e-02,  1.6957e-02,  3.1889e-02]],

         [[-4.7634e-02, -3.0716e-02,  1.2943e-02],
          [-3.3303e-02, -1.1220e-02,  3.2433e-02],
          [ 3.1546e-02,  3.7304e-02,  1.2594e-02]],

         [[-3.4598e-02,  2.7237e-02,  3.0465e-02],
          [-2.0928e-02,  1.2203e-02,  4.1628e-02],
          [ 3.2324e-02, -1.2471e-02, -4.6081e-02]],

         [[-1.4003e-02,  5.1510e-02, -8.1424e-03],
          [ 2.8682e-02, -2.1566e-02,  4.3863e-02],
          [ 3.1403e-02, -4.5629e-03,  6.0556e-02]],

         [[ 3.5142e-02,  3.8649e-04, -1.3431e-02],
          [ 1.6792e-02, -1.2737e-02, -1.7150e-03],
          [-4.4006e-02,  3.4732e-02,  1.7591e-02]],

         [[-2.5406e-03,  6.5672e-02,  2.3045e-02],
          [-6.6060e-02, -8.7126e-03, -1.5540e-02],
          [ 6.9610e-03, -9.1627e-03, -7.4234e-04]],

         [[ 1.3048e-02, -1.6183e-03, -3.7947e-03],
          [ 6.4159e-03, -1.4063e-02, -1.6631e-02],
          [ 3.1093e-02,  3.4927e-02, -3.1932e-02]],

         [[ 1.8743e-02,  2.8910e-02,  1.4841e-02],
          [ 8.0179e-03, -2.9074e-02,  1.2856e-02],
          [-3.4282e-02, -1.8204e-02, -2.2946e-02]],

         [[ 3.2757e-02,  9.0059e-03, -7.7963e-02],
          [-1.3236e-03,  3.5917e-02,  2.0311e-02],
          [-1.6397e-02,  3.8584e-02, -3.6009e-02]],

         [[-1.9501e-02,  7.1101e-02, -3.5215e-02],
          [-5.1412e-03,  7.6414e-02, -3.0052e-02],
          [-1.2600e-02, -2.2845e-02, -3.9212e-02]],

         [[-1.1749e-02,  1.8572e-01,  8.3407e-03],
          [ 2.4703e-02, -6.5590e-02, -5.9184e-02],
          [-1.7601e-02, -1.2755e-02,  8.8006e-04]],

         [[-2.8292e-02, -1.5044e-02, -4.6689e-02],
          [ 2.1858e-02,  4.2460e-02, -3.2509e-02],
          [ 3.0387e-02, -9.8509e-03,  1.8412e-02]],

         [[-2.4853e-02, -4.5387e-02,  2.5687e-02],
          [-2.5485e-03, -7.8705e-02, -2.0207e-02],
          [-1.6644e-02,  1.1476e-02, -1.9777e-02]],

         [[-1.4992e-02, -3.1035e-02, -3.3474e-02],
          [-1.6507e-02, -3.1774e-02, -1.4100e-02],
          [ 6.0573e-02, -1.3579e-03,  5.0332e-02]],

         [[ 2.4791e-02,  5.9858e-02, -2.1109e-02],
          [ 1.0169e-01,  1.4195e-01, -8.1168e-03],
          [-1.0415e-02, -1.8672e-02, -1.6993e-03]],

         [[-6.7158e-03,  5.3552e-02, -3.7080e-02],
          [ 7.5879e-02,  4.1956e-02,  1.4643e-02],
          [ 6.2718e-02, -8.3403e-03, -3.7448e-02]],

         [[-6.6633e-03,  8.1097e-02, -2.9240e-02],
          [ 4.9979e-03,  3.1980e-02, -1.5815e-02],
          [-1.7834e-02,  1.2494e-01,  4.8273e-02]],

         [[ 1.7020e-02, -9.0364e-02, -2.0718e-02],
          [ 2.4307e-02, -4.3331e-02,  9.6839e-03],
          [ 3.7720e-02,  3.6225e-02,  1.2475e-02]],

         [[ 1.4060e-02,  1.1163e-02, -3.4423e-02],
          [ 9.5057e-03,  4.3346e-02,  8.1334e-02],
          [-5.9790e-02, -1.6956e-02, -4.2390e-02]],

         [[-1.0397e-02, -2.7329e-02,  3.5523e-02],
          [-4.2898e-02, -2.1901e-02,  2.9873e-04],
          [ 3.6334e-02,  6.8486e-02, -1.5963e-02]],

         [[ 5.6304e-02,  1.4040e-02, -4.8163e-02],
          [ 1.3651e-02, -2.4898e-04, -1.4909e-02],
          [ 1.0933e-02, -4.8219e-02,  4.6439e-02]],

         [[-8.2533e-03,  3.1137e-02,  4.5199e-02],
          [ 5.9220e-02, -2.0929e-02, -3.8415e-02],
          [ 3.8391e-02, -5.2471e-02, -4.4971e-02]],

         [[-3.3941e-03, -3.6168e-02,  2.5234e-02],
          [ 4.9968e-02, -2.5344e-03, -1.4177e-02],
          [-2.3442e-02,  3.4154e-02,  1.9717e-02]]],


        [[[ 3.8747e-02, -6.5055e-02,  9.3864e-03],
          [-2.9442e-02,  4.4481e-02, -5.1601e-03],
          [ 5.7574e-02, -2.0146e-02, -5.7055e-02]],

         [[-2.1505e-03,  6.3482e-02, -1.8962e-02],
          [ 2.9893e-02, -9.2378e-03, -1.9011e-02],
          [ 8.2779e-03, -1.7019e-02, -3.7618e-02]],

         [[ 4.9839e-02, -3.7783e-02, -1.6951e-02],
          [ 7.2035e-02,  1.1481e-02,  2.2244e-02],
          [ 1.9302e-02, -2.2104e-02, -3.3719e-02]],

         [[-1.8822e-02,  1.2448e-02, -1.8019e-02],
          [ 5.6837e-02,  2.4906e-03, -4.9805e-02],
          [ 5.1215e-02,  1.9503e-02,  2.2823e-02]],

         [[-1.9226e-03,  3.7958e-02, -4.5266e-02],
          [-1.6671e-02, -5.8411e-02, -1.1508e-02],
          [-6.1745e-02,  4.7854e-02, -5.1627e-02]],

         [[-1.3488e-02, -4.5773e-02,  1.4700e-03],
          [-7.4385e-03, -7.6596e-03,  2.6895e-02],
          [ 3.6824e-02,  5.0104e-02, -2.8880e-02]],

         [[-4.8277e-02,  4.5557e-02,  2.7924e-02],
          [-3.4876e-02, -3.4203e-02, -3.8556e-02],
          [ 2.0607e-02,  1.3629e-02,  4.8598e-02]],

         [[ 1.4038e-03,  5.0505e-02,  1.2259e-03],
          [-6.1204e-04,  2.3412e-02,  5.2196e-02],
          [ 3.3030e-02,  5.7767e-02,  1.3702e-02]],

         [[ 3.0352e-02,  1.8316e-02,  4.2910e-02],
          [ 2.8914e-02,  2.6801e-03,  1.6431e-02],
          [ 2.3332e-03, -1.5743e-02, -2.4805e-02]],

         [[-5.5547e-03,  4.4462e-02,  4.1955e-02],
          [ 3.9164e-02,  4.2331e-02, -2.1084e-02],
          [ 1.2518e-02,  6.4231e-02,  4.1648e-02]],

         [[-3.1131e-02, -4.5857e-02,  8.7947e-02],
          [-4.4554e-02, -1.0600e-01,  3.3320e-02],
          [ 7.0033e-03, -1.0886e-02,  7.3402e-02]],

         [[-3.2884e-02,  2.9412e-02,  7.9900e-03],
          [ 5.1211e-03,  8.1080e-03,  6.8668e-02],
          [ 4.3438e-03, -4.5053e-02, -2.5371e-02]],

         [[-2.2258e-02,  5.6036e-02,  2.5507e-02],
          [-4.1960e-02,  1.6894e-02,  3.9926e-02],
          [-6.2863e-03,  6.9535e-03, -3.0129e-02]],

         [[ 1.8382e-02, -4.9022e-02, -2.1887e-02],
          [ 1.8542e-02,  2.0413e-02, -5.4537e-02],
          [-2.5301e-03,  3.2516e-02,  4.5213e-02]],

         [[-2.1718e-02,  3.1614e-03,  4.2889e-03],
          [-1.4125e-02,  1.5489e-02, -3.5586e-03],
          [ 2.7001e-02, -1.0097e-02,  3.7599e-03]],

         [[ 1.2706e-02,  2.6511e-02, -2.1579e-02],
          [ 4.0054e-03, -4.7316e-02, -4.3953e-02],
          [-1.0810e-02, -1.4962e-03,  2.2076e-02]],

         [[ 4.1633e-02,  1.4828e-02, -3.9824e-02],
          [ 5.0327e-02, -3.9863e-02, -1.9887e-02],
          [ 1.9751e-02, -1.7434e-02,  1.2567e-02]],

         [[-1.8159e-02, -2.4974e-02, -8.8367e-02],
          [ 1.1972e-02,  3.6471e-02,  3.7487e-02],
          [-9.6591e-03,  5.5145e-02, -2.3563e-03]],

         [[ 4.0246e-02,  8.3676e-03,  1.1829e-02],
          [ 7.7194e-03, -1.5143e-02,  6.7466e-02],
          [ 2.4538e-02,  2.7546e-02, -7.7190e-02]],

         [[ 1.8505e-03,  2.4310e-01,  5.7259e-02],
          [-3.6211e-03, -9.7320e-02, -8.2899e-02],
          [-1.7616e-02, -2.6556e-02, -1.5564e-02]],

         [[ 6.1628e-03,  1.2958e-02, -5.5430e-03],
          [ 4.4889e-02, -4.0234e-02, -7.3606e-03],
          [ 2.4985e-03, -3.4132e-02, -3.9560e-02]],

         [[-1.1494e-02, -7.6093e-03,  4.1003e-02],
          [-5.7899e-03,  2.3708e-02,  2.7674e-02],
          [-1.5800e-02, -3.8413e-03, -6.1152e-03]],

         [[ 3.7916e-02, -3.4113e-02,  4.4688e-02],
          [ 5.4798e-02, -2.0817e-02,  9.1486e-03],
          [ 1.4358e-02, -3.6390e-02, -3.1042e-02]],

         [[ 1.6844e-02,  9.2447e-02, -4.3402e-02],
          [ 1.0758e-01,  1.4154e-01,  3.2393e-02],
          [-7.7811e-04, -7.3029e-03,  1.8533e-02]],

         [[ 1.4214e-03,  1.3549e-02, -2.9315e-03],
          [ 1.1932e-02,  6.6235e-02, -4.3487e-02],
          [ 1.4460e-02,  9.8848e-03,  4.3599e-02]],

         [[ 1.2445e-02, -2.4489e-03,  7.2280e-03],
          [-5.5853e-02, -3.2759e-02, -3.8761e-02],
          [-3.8280e-04,  5.2707e-02, -3.0157e-02]],

         [[ 6.0253e-02, -1.0037e-01, -4.5924e-02],
          [ 4.5487e-02,  1.6782e-02,  2.5136e-02],
          [-1.9609e-02,  3.7265e-02,  8.1492e-03]],

         [[ 1.7429e-02, -9.3839e-03, -4.5090e-02],
          [-2.3197e-03,  9.7097e-03,  2.7828e-02],
          [-1.4625e-02,  2.7565e-03,  1.1647e-02]],

         [[-3.2862e-02, -3.4726e-02, -6.0374e-02],
          [-1.8911e-03,  6.1760e-02, -2.1591e-02],
          [ 6.2382e-02,  3.4165e-02, -1.9722e-02]],

         [[ 2.7567e-02, -5.5725e-02,  4.2376e-02],
          [ 3.0467e-02,  1.2048e-02, -3.6304e-03],
          [-3.4302e-02, -4.6456e-02,  4.9178e-02]],

         [[ 1.6672e-02,  2.1353e-02, -3.9758e-02],
          [-2.5396e-03, -7.2777e-02,  2.9894e-02],
          [ 2.4707e-02, -5.7711e-02, -3.3346e-02]],

         [[-5.3055e-02, -3.4203e-02,  1.7057e-02],
          [-5.0843e-02,  4.8985e-02, -3.5440e-02],
          [-7.1950e-03,  3.7087e-02, -2.1146e-04]]]], device='cuda:0')

----------------------colour_head.0.bias----------------------
tensor([ 0.0012, -0.0279, -0.0287], device='cuda:0')

----------------------blending_mask_head.0.weight----------------------
tensor([[[[ 0.0264, -0.0042,  0.0560],
          [-0.0065,  0.0610,  0.0639],
          [ 0.0081,  0.0084,  0.0333]],

         [[-0.0053,  0.0439,  0.0051],
          [ 0.0184, -0.0201,  0.0738],
          [-0.0413,  0.0138,  0.0478]],

         [[ 0.0111,  0.0513,  0.0936],
          [ 0.0734,  0.0855, -0.0103],
          [ 0.0807,  0.0427,  0.0409]],

         [[ 0.0463,  0.0545,  0.1012],
          [ 0.1098,  0.0261,  0.1190],
          [ 0.1305,  0.0529,  0.0766]],

         [[ 0.0324, -0.0574,  0.0218],
          [ 0.0518, -0.0167, -0.0484],
          [-0.0366,  0.0374, -0.0040]],

         [[ 0.3066,  0.2987,  0.2968],
          [ 0.3432,  0.2970,  0.2471],
          [ 0.3350,  0.3321,  0.2874]],

         [[ 0.2175,  0.3333,  0.3831],
          [ 0.3018,  0.3103,  0.3982],
          [ 0.3044,  0.3444,  0.3046]],

         [[ 0.0111, -0.0387,  0.0063],
          [-0.0336,  0.0716,  0.0395],
          [ 0.0385, -0.0111, -0.0088]],

         [[ 0.0358,  0.0190,  0.0208],
          [ 0.0372,  0.0303, -0.0282],
          [ 0.0874,  0.0039,  0.0300]],

         [[-0.0259,  0.0634, -0.0230],
          [ 0.0482,  0.0390, -0.0020],
          [ 0.0317, -0.0268, -0.0433]],

         [[ 0.0209,  0.0501, -0.0436],
          [ 0.0168, -0.0168, -0.0365],
          [ 0.0262, -0.0106,  0.0514]],

         [[ 0.5104,  0.4204,  0.4724],
          [ 0.5025,  0.4914,  0.4219],
          [ 0.4561,  0.3874,  0.3833]],

         [[ 0.0785,  0.0746, -0.0320],
          [ 0.0562,  0.0110, -0.0169],
          [ 0.0541,  0.0396,  0.0107]],

         [[ 0.0593, -0.0394,  0.0261],
          [ 0.0445, -0.0222,  0.0285],
          [-0.0231, -0.0205,  0.0381]],

         [[ 0.1100,  0.0684,  0.0294],
          [-0.1325,  0.0602,  0.0613],
          [-0.1159, -0.0959,  0.0353]],

         [[ 0.4043,  0.4318,  0.3934],
          [ 0.4973,  0.4696,  0.4125],
          [ 0.5093,  0.4862,  0.4969]],

         [[ 0.2078,  0.2127,  0.2981],
          [ 0.2241,  0.2495,  0.2701],
          [ 0.3104,  0.2984,  0.2821]],

         [[ 0.0106, -0.0477, -0.0452],
          [ 0.0127,  0.0451, -0.0385],
          [ 0.0038,  0.0090, -0.0096]],

         [[-0.0481,  0.0293, -0.0072],
          [ 0.0416, -0.0523, -0.0135],
          [ 0.0056,  0.0155, -0.0672]],

         [[-0.1719, -0.0349, -0.0974],
          [-0.0229, -0.2784, -0.1626],
          [-0.2767, -0.2769, -0.3460]],

         [[ 0.0332,  0.0387, -0.0454],
          [ 0.0429,  0.0060,  0.0027],
          [-0.0163,  0.0151,  0.0425]],

         [[-0.1007, -0.0761, -0.0165],
          [-0.0310,  0.0705,  0.1009],
          [-0.0575,  0.0985,  0.0113]],

         [[ 0.2193,  0.1339,  0.1772],
          [ 0.2717,  0.2347,  0.2302],
          [ 0.1874,  0.1943,  0.2292]],

         [[ 0.0111, -0.0408, -0.0531],
          [-0.0070,  0.0135, -0.0725],
          [-0.0027,  0.0362,  0.0364]],

         [[-0.0275,  0.0109, -0.0315],
          [-0.0073,  0.0535,  0.0250],
          [ 0.0682,  0.0284,  0.0086]],

         [[-0.0807, -0.0999,  0.0942],
          [-0.0839,  0.0428,  0.0222],
          [-0.0443,  0.0518,  0.1065]],

         [[-0.0423, -0.0308,  0.0534],
          [-0.0127, -0.0641,  0.0040],
          [-0.0196, -0.0514, -0.0732]],

         [[-0.0569, -0.0146,  0.0284],
          [-0.0489, -0.0281,  0.0497],
          [-0.0457,  0.0178,  0.0337]],

         [[ 0.0237, -0.0237, -0.0066],
          [ 0.0353,  0.0153,  0.0431],
          [-0.0092,  0.0534, -0.0615]],

         [[ 0.2146,  0.1758,  0.1629],
          [ 0.2272,  0.1898,  0.1739],
          [ 0.1583,  0.2123,  0.1690]],

         [[-0.0358, -0.0662, -0.0866],
          [-0.0659,  0.0051, -0.0439],
          [-0.0395, -0.0339, -0.0969]],

         [[ 0.1860,  0.1963,  0.2576],
          [ 0.2639,  0.2112,  0.3139],
          [ 0.2052,  0.3021,  0.2975]]]], device='cuda:0')

----------------------blending_mask_head.0.bias----------------------
tensor([0.2577], device='cuda:0')
