
----------------------input_conv.weight----------------------
tensor([[[[ 1.1433e-01,  1.2563e-01,  1.4470e-02],
          [ 1.4302e-01,  4.6423e-02,  7.9438e-02],
          [-1.0238e-02,  1.2243e-01,  1.3704e-01]],

         [[-8.8763e-02,  1.0004e-01,  2.9056e-02],
          [ 8.4172e-02,  4.2787e-02,  6.2472e-02],
          [-1.1336e-02,  9.2114e-02, -3.5436e-04]],

         [[-5.7048e-02,  3.0525e-02, -4.6714e-02],
          [-2.3989e-02, -3.1832e-02,  7.3795e-02],
          [-9.8596e-02, -6.6026e-02, -6.0657e-02]],

         ...,

         [[-6.1733e-02,  5.8402e-02,  2.1949e-02],
          [ 5.6021e-02, -6.8822e-02, -1.0679e-01],
          [-4.9030e-02, -9.2102e-02,  9.7791e-02]],

         [[ 3.2691e-02,  4.8463e-02,  4.5080e-02],
          [ 3.2551e-04,  1.0032e-01, -7.0751e-02],
          [ 1.1065e-02, -7.6160e-02,  4.2229e-02]],

         [[-2.2261e-02,  5.6119e-02, -4.5262e-03],
          [ 9.8258e-02, -6.5106e-02, -6.1654e-02],
          [-7.3292e-02,  1.0545e-01,  4.2544e-02]]],


        [[[ 1.4066e-01, -1.2926e-01, -1.4248e-01],
          [-3.6376e-02, -9.8949e-02,  1.0658e-01],
          [ 1.5765e-01,  1.6132e-01, -9.3123e-03]],

         [[-1.1007e-01, -3.3616e-02, -1.2554e-01],
          [ 2.9360e-02, -1.4945e-01,  5.5971e-02],
          [-8.8325e-02, -1.3384e-01, -4.4974e-02]],

         [[ 1.2157e-01, -1.3894e-02,  1.0681e-01],
          [ 1.1626e-01, -1.2724e-01,  3.5047e-02],
          [ 1.5592e-01, -6.0742e-02, -4.7453e-02]],

         ...,

         [[-6.1671e-02, -2.3459e-02, -6.4346e-02],
          [ 4.2563e-02, -1.2498e-02,  5.7184e-03],
          [-1.9327e-02, -4.4703e-02, -5.0847e-02]],

         [[-2.3916e-02, -9.9281e-02,  7.1502e-02],
          [-1.4810e-02,  9.0961e-02,  1.3467e-02],
          [-7.6212e-02,  7.7681e-02, -5.0922e-02]],

         [[-8.8786e-05, -4.3430e-02, -5.3832e-02],
          [ 6.3099e-02, -3.4557e-04,  6.9608e-02],
          [-5.5983e-02,  1.1675e-01, -7.2579e-02]]],


        [[[ 2.7334e-03,  6.2208e-02,  9.0824e-02],
          [ 1.4128e-01,  1.7191e-01, -5.6843e-02],
          [ 5.6214e-02, -2.2614e-02,  2.3033e-02]],

         [[-9.8687e-02,  1.0536e-01, -8.9407e-02],
          [ 6.6046e-02,  5.0967e-02,  2.9782e-02],
          [-6.8157e-02,  9.5349e-02,  2.9382e-02]],

         [[-1.1196e-03, -1.1758e-01,  4.1000e-02],
          [-2.3278e-02, -6.4186e-02,  8.2987e-02],
          [ 2.3754e-02, -8.0245e-02, -5.6624e-02]],

         ...,

         [[ 1.2583e-02, -2.2841e-02, -2.8694e-02],
          [ 6.9816e-02,  9.1912e-02, -1.4318e-02],
          [-2.6730e-02, -1.8745e-03, -5.2625e-03]],

         [[ 2.9788e-02,  3.2425e-02, -9.9851e-02],
          [-4.5425e-02,  9.3059e-02,  4.6067e-02],
          [ 1.7831e-03, -6.7264e-02, -6.3183e-02]],

         [[-8.7571e-02, -2.6120e-02,  4.0965e-02],
          [ 9.8144e-02,  7.1414e-02, -9.9208e-02],
          [-4.5524e-02,  2.0014e-03,  1.2335e-01]]],


        ...,


        [[[-6.0063e-02,  2.5711e-02,  2.1085e-02],
          [-4.3342e-02, -8.5848e-02, -4.0629e-02],
          [-4.1671e-02, -6.8458e-02, -1.3290e-01]],

         [[ 5.5311e-02, -6.1626e-02, -4.9849e-02],
          [-6.2881e-02,  1.1042e-01, -1.6368e-02],
          [-4.7932e-03,  1.1210e-01,  9.7678e-02]],

         [[ 8.4033e-02, -9.1150e-02, -5.2482e-02],
          [-2.0038e-02,  1.5609e-01,  6.7581e-02],
          [-6.3527e-02,  9.8989e-03, -5.6330e-02]],

         ...,

         [[-1.6775e-02,  8.4104e-02,  1.2073e-01],
          [-8.7444e-02,  9.4870e-03, -5.8808e-02],
          [ 4.1691e-02,  6.4021e-02, -6.6437e-03]],

         [[ 8.7161e-03,  7.3323e-02, -3.1378e-03],
          [-7.6483e-02,  1.1523e-01, -3.9251e-02],
          [ 9.8209e-04,  2.2789e-02,  8.5677e-03]],

         [[-1.1708e-01,  5.0544e-02, -4.8916e-02],
          [-6.1831e-02,  2.6375e-02, -5.8852e-02],
          [-5.3195e-02, -4.5162e-02, -4.9678e-02]]],


        [[[-3.0098e-03,  6.0454e-02,  9.5341e-02],
          [-1.1728e-01, -6.0958e-02, -8.6156e-03],
          [ 9.2814e-02,  1.6006e-01, -3.2557e-02]],

         [[ 3.9942e-02,  1.1630e-01,  6.8530e-02],
          [-1.8373e-01, -8.6686e-02, -1.7907e-01],
          [-7.8832e-02,  7.7055e-02, -6.7683e-02]],

         [[ 1.1943e-01,  4.3544e-02,  7.7976e-02],
          [-8.7583e-02,  6.9205e-02, -7.9310e-02],
          [ 7.3548e-04, -6.3424e-02, -2.2281e-02]],

         ...,

         [[-3.8307e-02,  1.3931e-01,  2.4402e-02],
          [ 8.8898e-03, -2.0510e-02, -1.9669e-03],
          [-8.3451e-02, -7.9662e-02,  7.2042e-02]],

         [[ 1.2790e-01,  1.4476e-01, -5.3212e-02],
          [ 9.3628e-02, -4.0828e-02,  1.0042e-01],
          [ 1.0520e-01,  1.0837e-01,  9.0466e-02]],

         [[ 8.0857e-02,  9.5664e-03,  5.7525e-02],
          [-5.0746e-02,  4.2123e-02, -4.6904e-02],
          [ 1.5689e-02, -8.0771e-02, -8.5742e-03]]],


        [[[-3.5262e-02, -2.3767e-02, -6.0856e-02],
          [-8.2378e-02,  3.7504e-02,  1.2155e-01],
          [ 1.0270e-01,  6.0876e-02, -1.4500e-02]],

         [[-1.0888e-01,  4.5140e-02,  6.7222e-02],
          [-8.9441e-02,  6.2103e-02,  1.3206e-01],
          [-1.1154e-03, -8.3812e-02,  1.2653e-01]],

         [[ 6.5652e-02,  9.4943e-02, -6.0873e-02],
          [ 9.0914e-02, -4.2010e-02,  1.6313e-01],
          [-4.0544e-02,  7.7788e-02,  6.0814e-02]],

         ...,

         [[-1.1472e-01,  4.9859e-02,  1.1376e-01],
          [ 4.2249e-02,  3.4081e-02, -1.1112e-01],
          [ 9.0307e-02, -2.7435e-02, -1.0749e-01]],

         [[ 1.1406e-01, -4.8064e-02, -8.4361e-03],
          [ 9.2519e-02, -8.4810e-02, -7.9488e-02],
          [-3.9242e-03, -2.4053e-02,  2.7542e-02]],

         [[-1.1064e-01, -1.3431e-03, -4.5198e-02],
          [-7.6597e-02, -1.2251e-01,  6.1271e-02],
          [ 9.9351e-03, -1.1386e-01,  8.8278e-02]]]], device='cuda:0')

----------------------input_conv.bias----------------------
tensor([ 0.0582,  0.0407, -0.0500,  0.0336,  0.0864,  0.1033, -0.0650,  0.1172,
         0.0279,  0.0665,  0.1025,  0.1019, -0.0770,  0.1129,  0.0329,  0.0261],
       device='cuda:0')

----------------------body.0.weight----------------------
tensor([[[[-2.7422e-02,  1.1053e-02,  1.9685e-02],
          [ 1.0462e-02,  1.9127e-02,  2.0699e-02],
          [ 9.7768e-02,  6.6744e-02,  7.2021e-02]],

         [[ 2.6254e-02,  4.8537e-02,  1.7431e-02],
          [-5.0843e-02, -3.4683e-02, -7.9248e-02],
          [-6.3553e-02, -5.8342e-02, -4.2073e-02]],

         [[ 2.1499e-02, -2.1860e-03,  4.9699e-02],
          [ 6.3879e-02,  1.1032e-02,  1.2060e-01],
          [ 5.7857e-02, -4.5779e-02, -3.0642e-02]],

         ...,

         [[ 2.8802e-02,  3.6482e-02, -9.0492e-02],
          [ 3.8211e-03,  1.9990e-02,  6.1096e-02],
          [ 2.7223e-02,  6.3546e-02, -4.7203e-02]],

         [[ 7.5174e-02,  9.8603e-02, -2.4511e-02],
          [-8.5648e-02,  5.4483e-03,  5.2955e-02],
          [-5.1218e-02,  1.9634e-02,  9.7482e-03]],

         [[ 2.9040e-02, -3.2885e-02,  3.8830e-02],
          [ 7.5767e-02, -3.2979e-02, -1.8003e-02],
          [ 3.2965e-02,  3.1369e-02,  3.3418e-02]]],


        [[[ 3.8245e-02,  1.1254e-02,  8.9864e-02],
          [-8.8766e-05,  2.3743e-02,  3.1404e-02],
          [-3.9170e-02,  1.2324e-02, -5.8730e-02]],

         [[ 1.6594e-02,  2.7909e-02,  4.4411e-02],
          [-7.4661e-02, -1.0724e-01,  8.9515e-02],
          [ 1.1683e-01, -7.9407e-02,  1.0804e-01]],

         [[-6.7807e-02,  4.8942e-02,  1.3731e-01],
          [ 8.8089e-02, -2.7398e-02,  5.2219e-02],
          [ 1.1507e-02, -4.8001e-02,  3.2657e-02]],

         ...,

         [[-3.4592e-02,  7.0004e-02,  3.1319e-02],
          [ 1.1621e-02,  8.1706e-02, -8.8095e-02],
          [-9.3845e-03,  4.8478e-02,  3.6273e-02]],

         [[-7.8313e-02, -2.2430e-03, -4.4619e-02],
          [ 8.3851e-03,  4.0538e-02, -3.2347e-02],
          [-2.9062e-02,  1.5556e-02,  6.2277e-02]],

         [[ 9.9486e-02, -2.8171e-02, -5.9037e-02],
          [ 1.8784e-02, -1.0562e-01, -3.5313e-03],
          [ 1.1726e-01,  9.5763e-03, -7.5736e-02]]],


        [[[ 2.2325e-02,  2.3473e-02,  7.6433e-02],
          [-4.4120e-02, -4.4976e-02,  3.2194e-02],
          [ 1.4044e-02, -3.4267e-02, -1.4910e-02]],

         [[-5.9524e-02,  2.1111e-02,  4.3399e-02],
          [-1.8941e-02,  1.0131e-01,  3.6925e-02],
          [ 1.0808e-02, -3.9495e-02,  6.6501e-02]],

         [[-1.2280e-01,  5.4249e-03, -1.9512e-02],
          [ 2.1925e-02,  3.0645e-02, -1.4694e-04],
          [-6.6365e-02,  3.9628e-03, -8.0723e-02]],

         ...,

         [[-7.1954e-02, -1.0876e-02, -4.5480e-02],
          [-5.5457e-02,  1.2227e-02, -2.5906e-02],
          [-3.8872e-02, -6.7225e-02, -4.8400e-02]],

         [[-5.7353e-02,  5.4163e-02,  4.3724e-02],
          [ 4.2814e-02, -8.2126e-03,  1.8292e-02],
          [ 7.0506e-02,  1.4571e-01,  3.3856e-02]],

         [[ 8.3516e-02,  2.3215e-02, -5.1219e-02],
          [ 5.6701e-02, -2.5951e-02, -5.3875e-02],
          [-1.8348e-02, -9.8070e-02,  1.7451e-02]]],


        ...,


        [[[-3.0087e-02, -1.5951e-02, -5.6168e-02],
          [ 9.5016e-03, -9.7223e-02,  3.9059e-02],
          [ 6.6965e-02, -6.8367e-03, -2.6696e-02]],

         [[-4.1959e-02,  1.0771e-01,  5.4409e-02],
          [ 1.2583e-01,  9.2111e-02,  2.6619e-02],
          [ 1.5483e-01,  1.3637e-01, -2.7000e-02]],

         [[-6.9705e-02,  3.7389e-02,  1.6398e-02],
          [ 7.0977e-02, -7.1639e-02,  1.4996e-03],
          [-4.2171e-02, -5.1417e-02,  3.7713e-02]],

         ...,

         [[ 8.3516e-02,  1.0255e-01,  8.6929e-03],
          [ 1.6094e-02,  7.6183e-02, -3.1639e-02],
          [ 8.3822e-02, -1.5112e-02,  1.1572e-01]],

         [[-3.5718e-03, -7.7654e-03,  8.3450e-02],
          [-4.7054e-03,  8.6014e-02,  8.7976e-02],
          [ 1.1460e-01, -5.4448e-02,  3.0121e-02]],

         [[-3.8604e-02,  5.1772e-02, -2.6787e-02],
          [ 2.4004e-02,  1.8125e-02,  2.1026e-02],
          [-6.5033e-02,  9.7325e-02,  3.3507e-02]]],


        [[[ 8.8953e-02,  3.5582e-02,  6.1614e-02],
          [-1.1181e-02,  3.8943e-02,  1.3346e-03],
          [-5.7514e-02,  5.7257e-02, -3.9401e-02]],

         [[ 1.0625e-01, -1.7929e-02,  1.1988e-01],
          [ 1.0106e-01, -5.6768e-02,  8.5486e-02],
          [ 4.2005e-02, -2.0167e-02,  6.0463e-02]],

         [[ 4.5971e-02,  9.5201e-02, -4.3819e-02],
          [ 1.0010e-01,  9.7070e-02,  9.0504e-02],
          [ 3.4141e-02, -5.9887e-02,  7.1240e-02]],

         ...,

         [[-7.1469e-02,  1.2696e-02, -4.9586e-02],
          [-2.7932e-02, -9.5268e-03, -3.6829e-02],
          [-7.9039e-03, -1.2712e-02,  2.5439e-02]],

         [[ 7.6009e-02, -1.8384e-02,  6.6067e-02],
          [ 1.6140e-02, -4.1108e-02, -1.1065e-03],
          [ 3.9744e-02,  4.1233e-02, -1.1799e-03]],

         [[-2.5974e-02,  5.0094e-02, -8.9630e-03],
          [-1.1093e-01, -2.5362e-02, -6.4291e-02],
          [-6.9731e-02, -3.7973e-02, -6.7024e-02]]],


        [[[ 9.1730e-02, -6.3186e-02,  9.0519e-02],
          [-4.7800e-02,  3.1690e-03, -1.9126e-02],
          [-3.2146e-02,  4.3291e-02,  5.5177e-02]],

         [[-7.0617e-02, -3.8935e-02,  7.3021e-02],
          [-1.9542e-02,  4.1183e-02,  4.9114e-02],
          [-3.8994e-02, -8.8308e-03,  1.1624e-02]],

         [[-2.6953e-02, -3.4675e-02, -2.8187e-02],
          [-8.9779e-03,  9.9656e-02,  3.0480e-02],
          [ 4.1972e-02,  9.4930e-03, -6.3098e-02]],

         ...,

         [[ 6.1570e-02,  4.5664e-02, -1.4204e-02],
          [-6.2632e-02, -8.7753e-02,  6.9303e-02],
          [-5.4195e-02, -3.1187e-02, -7.2361e-02]],

         [[-4.9864e-02,  3.0438e-02,  1.0473e-02],
          [ 1.5788e-02,  2.9175e-03,  2.8111e-02],
          [ 1.6323e-02,  2.5298e-02,  7.8003e-02]],

         [[ 8.6775e-02,  6.2754e-02, -8.0086e-02],
          [-5.3715e-02, -7.2155e-03, -3.6315e-02],
          [ 3.0274e-02,  9.0830e-02, -1.3707e-03]]]], device='cuda:0')

----------------------body.0.bias----------------------
tensor([-0.0502,  0.0113,  0.0481,  0.0351, -0.0406,  0.0227, -0.0780, -0.0366,
         0.0891, -0.0199,  0.0615, -0.0588,  0.1033,  0.0462,  0.0740,  0.0270],
       device='cuda:0')

----------------------feature_head.weight----------------------
tensor([[[[ 0.0059, -0.0410, -0.0460],
          [-0.0572,  0.0689, -0.0289],
          [ 0.0020, -0.0783,  0.0224]],

         [[-0.0284, -0.0667,  0.0103],
          [-0.0768, -0.0082, -0.0681],
          [ 0.0527, -0.0662,  0.0136]],

         [[ 0.0413, -0.0666,  0.0539],
          [ 0.0679, -0.0511,  0.0070],
          [ 0.0253,  0.0690,  0.0651]],

         [[-0.0699, -0.0679, -0.0737],
          [-0.0371, -0.0168, -0.0299],
          [ 0.0549, -0.0574, -0.0665]],

         [[-0.0651, -0.0492,  0.0816],
          [ 0.0105, -0.0146, -0.0245],
          [-0.0638, -0.0283,  0.0439]],

         [[ 0.0563,  0.0601,  0.0059],
          [-0.0454, -0.0492,  0.0810],
          [-0.0752,  0.0197, -0.0079]],

         [[ 0.0774,  0.0488, -0.0211],
          [-0.0691,  0.0109, -0.0583],
          [-0.0088,  0.0209,  0.0407]],

         [[-0.0225, -0.0563, -0.0710],
          [-0.0789,  0.0105, -0.0507],
          [ 0.0030, -0.0395, -0.0564]],

         [[ 0.0562,  0.0472,  0.0585],
          [ 0.0799, -0.0603, -0.0444],
          [-0.0627,  0.0560,  0.0491]],

         [[ 0.0676, -0.0583, -0.0447],
          [ 0.0812, -0.0662, -0.0555],
          [ 0.0307, -0.0728, -0.0236]],

         [[ 0.0354,  0.0683, -0.0095],
          [-0.0737,  0.0472,  0.0831],
          [-0.0619, -0.0037, -0.0603]],

         [[-0.0426,  0.0280,  0.0389],
          [ 0.0345, -0.0785, -0.0202],
          [ 0.0355, -0.0077, -0.0258]],

         [[-0.0430,  0.0790, -0.0667],
          [-0.0656,  0.0607, -0.0506],
          [ 0.0504, -0.0459, -0.0113]],

         [[-0.0403,  0.0689,  0.0578],
          [ 0.0040,  0.0020, -0.0314],
          [-0.0445, -0.0315,  0.0273]],

         [[-0.0150,  0.0566,  0.0120],
          [ 0.0009, -0.0518,  0.0336],
          [-0.0771,  0.0195,  0.0299]],

         [[ 0.0151,  0.0586,  0.0200],
          [-0.0230, -0.0583, -0.0773],
          [ 0.0421,  0.0454, -0.0636]]]], device='cuda:0')

----------------------feature_head.bias----------------------
tensor([0.0223], device='cuda:0')

----------------------colour_head.0.weight----------------------
tensor([[[[-3.0623e-02,  7.8760e-02, -3.0994e-02],
          [ 7.3978e-02,  8.6780e-02,  4.9607e-02],
          [ 4.9002e-02,  3.0642e-02,  1.7291e-02]],

         [[-9.9181e-02,  1.8924e-03, -1.1209e-02],
          [-5.7365e-03,  1.7237e-03,  3.1636e-02],
          [ 6.5987e-02,  1.1478e-01,  5.9901e-02]],

         [[-9.8310e-03,  5.3668e-02, -7.6563e-03],
          [ 9.3268e-02,  2.5244e-02,  5.4766e-03],
          [-5.2129e-02,  9.7167e-02,  5.0893e-03]],

         [[ 8.8512e-02, -3.9049e-02, -3.7243e-02],
          [-1.0046e-02, -4.2645e-02,  3.0690e-02],
          [ 3.3413e-02, -1.5398e-02,  3.9409e-02]],

         [[ 4.9655e-02, -2.6590e-02, -1.2420e-02],
          [ 1.5417e-01,  4.7639e-02,  5.6956e-02],
          [-1.0426e-01, -1.2030e-02, -9.2167e-02]],

         [[ 2.7107e-02, -3.9448e-02, -4.6545e-02],
          [-3.3292e-02,  2.0632e-02,  7.1115e-02],
          [ 1.5809e-02, -6.2333e-03,  6.7644e-02]],

         [[ 7.3533e-02,  6.9324e-04, -5.9626e-02],
          [ 5.8599e-03,  9.1952e-03, -8.1429e-02],
          [-6.4268e-02,  1.6129e-02,  5.7829e-02]],

         [[-7.4136e-02, -4.0441e-02, -2.7625e-02],
          [-7.2760e-02, -5.0026e-02,  6.6613e-02],
          [ 6.4655e-02, -6.0851e-02,  2.6256e-03]],

         [[-3.4482e-02,  7.8120e-02, -1.9735e-02],
          [-2.6339e-02, -1.9001e-02,  2.2995e-02],
          [ 7.5610e-02, -1.4812e-02,  2.7107e-02]],

         [[ 7.4396e-02,  1.4020e-02,  1.6168e-03],
          [ 3.8458e-02,  1.9990e-02,  4.4023e-02],
          [ 4.5107e-02, -3.6900e-02,  6.1392e-02]],

         [[ 8.4691e-02,  1.1882e-02,  1.0510e-01],
          [ 4.4299e-02,  8.1159e-02, -4.1803e-02],
          [ 1.0341e-01,  1.1029e-01, -4.8327e-02]],

         [[-7.7106e-02, -5.1692e-03, -3.7893e-02],
          [ 4.2040e-02,  5.4520e-02, -1.6911e-02],
          [ 6.6046e-02,  2.7830e-02, -3.1953e-02]],

         [[-5.3450e-02,  3.9577e-02, -5.5635e-02],
          [ 1.6072e-02,  1.4333e-02, -4.5448e-02],
          [ 3.7227e-02,  2.6140e-02,  6.5053e-02]],

         [[ 5.4810e-02, -8.8810e-02, -6.1677e-02],
          [-4.8624e-02, -8.8480e-02,  1.4531e-02],
          [-5.8757e-02, -9.3556e-02,  5.9361e-03]],

         [[ 5.5023e-02, -1.5695e-02, -5.9804e-02],
          [ 3.0186e-02,  7.7879e-02,  9.0722e-02],
          [ 2.0187e-02,  7.5971e-02, -5.1440e-02]],

         [[ 1.0422e-01, -1.6421e-02, -3.7979e-02],
          [ 8.7519e-02,  1.0627e-02,  4.8410e-02],
          [-4.9325e-02,  8.6301e-02,  6.4728e-02]]],


        [[[ 3.6048e-02,  7.4344e-02, -5.6044e-02],
          [-9.6567e-03,  4.9852e-02,  6.4784e-02],
          [-5.5083e-02,  5.1411e-02, -1.9937e-02]],

         [[-5.0296e-02,  1.3387e-02, -9.2257e-02],
          [-7.1861e-02,  5.2332e-02,  2.4430e-02],
          [ 7.8603e-02,  5.0756e-02, -2.1251e-02]],

         [[-7.1397e-02,  6.5485e-02, -8.2543e-02],
          [ 2.9739e-02,  6.4433e-02,  5.4984e-02],
          [-6.1823e-02, -3.1210e-02, -6.9391e-02]],

         [[ 5.0938e-02, -8.6377e-02, -8.1501e-02],
          [-5.1302e-02,  8.3856e-02,  5.3624e-02],
          [ 6.2069e-02,  7.6111e-02, -3.3801e-02]],

         [[-3.4325e-02, -3.0510e-02,  2.4355e-02],
          [ 4.6552e-03, -2.5564e-02, -9.5371e-02],
          [ 3.6567e-03, -1.0583e-02, -5.9369e-03]],

         [[ 2.6898e-03,  1.0796e-02, -6.1771e-02],
          [ 8.3889e-02, -1.2708e-02,  4.2838e-02],
          [ 3.7914e-02,  2.8399e-02,  5.3501e-02]],

         [[ 5.2109e-02,  7.2073e-02,  2.1702e-02],
          [ 5.3114e-02, -3.4646e-02, -3.7704e-02],
          [ 3.7670e-02,  2.9120e-02,  2.0872e-03]],

         [[-6.8084e-02,  2.9819e-02,  5.6727e-02],
          [-6.6235e-03,  2.2005e-02,  3.9974e-02],
          [-7.9612e-02, -1.0995e-02, -2.8160e-02]],

         [[-3.3817e-02,  5.5798e-02,  8.3560e-02],
          [ 1.4443e-02,  4.8318e-02, -6.7445e-02],
          [ 2.9141e-02, -4.1720e-03, -4.2259e-02]],

         [[ 3.9166e-02,  4.4348e-02, -6.3964e-03],
          [ 7.4561e-02,  6.8247e-02,  9.5827e-02],
          [ 1.6490e-02,  2.4670e-02,  1.5860e-02]],

         [[ 1.5744e-02, -6.5621e-02, -1.5390e-02],
          [-5.7249e-02, -6.0790e-02, -7.3316e-02],
          [ 5.5892e-02, -2.3804e-02,  5.5022e-03]],

         [[ 1.6389e-02,  8.6125e-02,  3.9157e-02],
          [-2.2329e-02,  9.8653e-02, -5.9015e-02],
          [ 2.8014e-02,  9.7086e-02,  8.7637e-02]],

         [[-1.1673e-02, -5.2939e-02,  4.0529e-02],
          [ 7.3714e-02, -4.2945e-02, -1.4718e-02],
          [-3.8681e-02,  4.6948e-02,  2.8075e-02]],

         [[ 4.8374e-02, -3.6590e-02, -7.5263e-02],
          [-3.9977e-02, -7.0052e-02, -2.4018e-02],
          [ 2.8770e-02, -7.3673e-02, -4.9672e-03]],

         [[-8.4648e-02, -7.1232e-02, -6.4540e-02],
          [-2.9789e-02, -4.2275e-02,  3.3212e-03],
          [ 4.6849e-02,  5.8321e-02,  2.5506e-02]],

         [[-1.8021e-02, -3.8920e-02,  2.1348e-02],
          [-3.4661e-02,  4.4620e-02, -8.7996e-02],
          [-7.0965e-02,  2.6526e-02, -4.5229e-02]]],


        [[[ 2.2748e-02,  9.2752e-02,  5.4599e-02],
          [ 9.2744e-02,  1.7741e-03, -1.0454e-02],
          [-8.6601e-03,  9.0380e-05, -2.4413e-02]],

         [[-4.7115e-02,  5.1736e-02, -9.5454e-02],
          [-7.5088e-03,  2.3496e-02,  2.3744e-02],
          [ 2.6257e-02,  2.2774e-02,  4.3258e-02]],

         [[-5.1828e-02, -5.6252e-02,  8.1961e-02],
          [ 7.0229e-02, -3.6629e-02,  8.4421e-02],
          [ 1.2587e-02,  3.5517e-02,  8.6804e-02]],

         [[ 3.6121e-03, -3.2038e-02,  3.9585e-02],
          [-1.5836e-02, -1.2031e-03, -1.5720e-02],
          [ 1.1053e-01,  7.5650e-02,  5.4352e-03]],

         [[-1.5296e-02,  3.9187e-02, -1.5064e-05],
          [-4.4859e-02, -8.9703e-02, -5.0918e-02],
          [ 4.7056e-02,  2.9832e-02,  1.1607e-01]],

         [[ 4.3908e-02,  3.8148e-02, -5.6965e-02],
          [ 2.2819e-02,  2.1700e-02,  5.8895e-02],
          [-1.0886e-02,  1.2450e-03, -3.8205e-02]],

         [[ 7.2895e-02,  7.5288e-02,  4.9066e-02],
          [ 6.2472e-02,  8.5639e-02,  9.4817e-02],
          [ 5.6801e-02,  6.6293e-02,  4.1081e-02]],

         [[-4.5170e-02,  2.3221e-02,  2.7765e-02],
          [-6.3650e-02, -2.2029e-02, -4.8712e-02],
          [-5.0602e-02,  6.0523e-02,  6.8220e-02]],

         [[-2.5447e-02,  1.8358e-02, -3.0495e-02],
          [-3.8212e-03, -3.8078e-02, -7.2002e-02],
          [-4.2087e-02,  6.9377e-02, -6.8264e-03]],

         [[-3.5718e-02,  2.7375e-02, -7.7491e-02],
          [ 2.5898e-02,  9.0223e-02,  9.7357e-03],
          [ 2.8037e-02, -7.0862e-02, -2.2443e-02]],

         [[ 5.3057e-02, -6.9671e-02, -3.5146e-02],
          [ 3.8242e-02,  1.0143e-02,  2.3375e-02],
          [-8.3199e-02,  4.3455e-02, -1.3369e-02]],

         [[ 1.2671e-02,  6.7296e-02, -7.4377e-02],
          [ 3.7174e-02, -5.0113e-02,  6.0000e-02],
          [ 4.8211e-02,  3.5057e-02, -3.8179e-02]],

         [[ 1.6643e-02, -5.9655e-02,  1.2169e-03],
          [ 5.0342e-02, -8.7979e-02, -5.0405e-02],
          [ 4.8570e-03,  1.4532e-03, -6.3077e-03]],

         [[ 7.6124e-02, -3.1131e-02,  7.6617e-03],
          [ 4.2072e-02, -2.9585e-02,  4.3774e-02],
          [ 5.1518e-02,  2.4890e-02, -2.2601e-02]],

         [[ 3.8598e-02, -7.8133e-02,  5.9835e-03],
          [-1.4428e-02,  2.8630e-02, -9.1754e-02],
          [-1.0195e-02, -6.7408e-02,  2.8778e-02]],

         [[ 4.5755e-02, -6.7646e-02, -1.7979e-02],
          [ 6.0246e-02,  6.4753e-02,  5.7853e-02],
          [ 7.0033e-02,  3.9266e-02,  5.7882e-02]]]], device='cuda:0')

----------------------colour_head.0.bias----------------------
tensor([-0.0643,  0.0561, -0.0225], device='cuda:0')

----------------------blending_mask_head.0.weight----------------------
tensor([[[[ 5.9834e-02,  3.9938e-02, -2.0868e-03],
          [ 8.8475e-02, -1.1273e-02,  4.7854e-02],
          [ 7.4778e-02,  1.3523e-02,  6.2900e-02]],

         [[ 1.6822e-02,  9.9826e-02,  1.1943e-01],
          [ 1.6922e-01,  1.1217e-01,  1.5885e-01],
          [ 2.0340e-01,  3.0677e-01,  9.8128e-02]],

         [[ 2.0967e-03, -2.0272e-02, -2.4474e-02],
          [ 2.0418e-02, -3.8293e-02,  9.9024e-02],
          [ 9.4399e-03,  7.1720e-02, -1.0429e-02]],

         [[ 2.2968e-02, -4.9488e-02,  7.6574e-02],
          [ 1.1393e-01,  1.0580e-01, -1.0184e-04],
          [ 1.1695e-01, -1.6297e-02,  7.7916e-02]],

         [[-9.7552e-03, -5.8227e-02, -5.7565e-02],
          [-8.2125e-02,  1.9229e-02, -3.2404e-02],
          [-2.9824e-02,  9.1119e-02, -2.0074e-02]],

         [[ 1.0091e-01,  5.3794e-02,  1.3004e-01],
          [ 1.0761e-01,  1.3515e-01,  1.1412e-01],
          [ 6.8072e-02,  1.6061e-01,  8.7310e-02]],

         [[-2.5332e-02,  4.9629e-02,  6.8979e-03],
          [-2.6519e-02,  4.3606e-02,  6.4109e-03],
          [ 1.2330e-02,  7.2685e-03, -3.2928e-03]],

         [[-3.3977e-02,  7.7215e-03,  7.9765e-02],
          [-4.9686e-02, -3.9602e-02, -5.6705e-02],
          [-3.8671e-03,  5.2976e-03, -5.7910e-02]],

         [[ 2.3460e-01,  1.2248e-01,  2.6443e-01],
          [ 2.1866e-01,  1.9354e-01,  1.6344e-01],
          [ 2.5098e-01,  2.7200e-01,  1.4829e-01]],

         [[ 2.9886e-03,  8.2210e-02, -1.8249e-02],
          [-1.5147e-02,  1.0307e-02,  2.1300e-02],
          [ 3.4505e-02, -7.8857e-03, -1.9943e-02]],

         [[ 7.6223e-02,  1.0161e-01,  1.1644e-01],
          [ 5.0881e-02,  8.7613e-02, -1.9843e-02],
          [ 1.1293e-01,  1.4241e-01,  9.6003e-02]],

         [[-2.7121e-02,  7.5043e-02, -8.1276e-02],
          [ 1.9758e-02,  6.4600e-03, -7.2168e-02],
          [-8.2057e-03, -1.6364e-02,  4.6725e-02]],

         [[ 1.7390e-01,  2.1414e-01,  1.5485e-01],
          [ 2.5132e-01,  1.8628e-01,  2.4215e-01],
          [ 2.5160e-01,  1.1106e-01,  1.2089e-01]],

         [[ 2.6008e-01,  2.7483e-01,  1.2757e-01],
          [ 2.1441e-01,  1.7103e-01,  2.7932e-01],
          [ 2.8570e-01,  2.6556e-01,  2.4827e-01]],

         [[ 1.6435e-01,  2.4902e-01,  1.3422e-01],
          [ 1.7709e-01,  1.5566e-01,  1.1225e-01],
          [ 1.3403e-01,  1.9323e-01,  1.6622e-01]],

         [[ 1.0953e-01,  1.4563e-01,  1.5533e-01],
          [ 1.2250e-01,  2.2454e-01,  9.2676e-02],
          [ 1.8025e-01,  1.0545e-01,  9.4198e-02]]]], device='cuda:0')

----------------------blending_mask_head.0.bias----------------------
tensor([0.1186], device='cuda:0')
